500 10 10
0 7823 38355 13923 26946 23523 37532 24477 22362 11261
19233 28220 7975 25260 11147 22144 13937 12337 23863 25264
25588 18023 5053 37060 10176 21705 25498 28439 8196 5099
4514 9760 12923 12906 33721 9906 36429 31252 4420 28829
12550 23654 17048 20526 8913 38234 2669 32888 20608 36570
28189 6195 14593 33242 13292 34807 24984 8828 23246 33181
13927 37798 12978 36888 10704 6698 16831 17170 7987 21252
16036 30575 14943 3122 11100 23856 1355 23807 26781 21963
30415 14969 38196 15045 8210 11487 9851 33194 20315 3134
36412 4280 932 9389 1167 21674 26125 28037 38844 4149
9288 24918 34725 34269 28040 15862 28162 29395 39670 14942
21395 30084 29911 19590 15166 8158 1114 25017 11389 21430
38190 17839 25710 39122 27228 36915 30833 23391 24951 29676
37578 4276 14593 32302 38545 12670 8164 26706 2064 17871
11685 33497 17992 1595 23124 33158 19791 24239 28212 1218
5668 26401 19057 31378 35560 16322 38330 26392 39713 33319
26106 37291 37595 698 39630 6177 13369 17831 2920 25471
35702 14606 29006 23731 26239 12129 16888 16068 36368 5100
17286 2035 1538 36343 3450 37099 12664 11818 23490 22415
5136 9595 29743 12768 20332 29372 18945 3738 7203 21866
39247 12942 6509 28252 36674 32748 381 23599 8815 6786
38737 26101 18860 275 22443 22310 37374 5145 4165 20863
27560 9301 496 17302 22070 20828 6673 11052 24566 23914
32918 33850 6894 9464 22102 3567 2212 32521 37204 21065
39307 35941 7166 18166 36216 39647 10514 33589 4791 14679
24489 2388 23981 24985 19690 16088 15850 36402 27140 10453
30353 30096 4303 37247 39560 26405 10851 11809 28963 8055
32875 28269 3995 10078 6435 10248 19762 16949 13874 34592
31628 38363 36980 25646 33386 16670 1733 9235 23109 38912
29727 13461 29007 34030 20746 38604 30472 31597 10413 19434
9689 3287 7702 13684 23403 24175 33970 3164 1123 7843
37756 2789 6206 4773 38473 9629 21443 10244 28902 4551
9155 18628 28050 8199 12657 8795 6802 13166 392 17215
32600 20119 30540 10340 3841 23980 34515 37811 27145 5676
5654 34938 18503 21898 39711 16975 31527 31191 37257 20428
5779 6411 39057 33830 14610 21751 12662 31451 34918 23092
18703 27517 3211 9243 37857 7052 3260 2409 4862 30405
8085 10516 35381 36626 32414 5128 23638 33978 36320 20895
14406 2098 27306 23500 5965 11954 5250 18628 3404 167
1719 32145 37723 4930 1387 5616 22020 14686 8025 26883
15128 26148 7436 10508 22773 9888 15637 16449 3865 21994
37344 28309 24092 24649 11808 95 6640 17059 18723 20082
27264 30480 12227 24986 5448 23652 640 27468 38338 8665
24388 13466 4851 31825 23974 37662 1712 9648 14110 15615
31642 11453 3924 25772 6140 25770 25867 22818 12866 14627
2900 130 5106 25165 35154 10554 8816 35794 8060 7154
14497 32448 30658 19348 24272 24669 27047 36022 34318 1157
21675 35997 22648 35637 21768 38826 21406 17672 21644 34273
32299 24544 4440 7443 9708 9631 17997 28562 5425 36095
5753 29960 28543 36411 19345 12814 21080 6391 18874 25435
17586 548 31469 10272 36185 23275 9097 27628 946 30741
31938 33246 25322 36378 10726 35030 16047 38761 33630 21472
34856 39383 21469 23398 35794 813 6249 26911 7204 25123
12345 34829 35709 13851 5100 31893 37126 14197 29559 38073
14976 21496 1355 297 27912 12081 5365 3958 10841 38995
35468 5696 38377 16936 39132 4207 27787 5381 31118 5028
30504 13500 39857 26213 27352 4956 28143 24477 29192 27739
22549 4167 9235 33942 14502 7184 16060 19867 21180 26902
18861 26685 2635 27276 13658 1767 31483 1444 7148 32639
6472 7689 6138 16367 3939 3527 31361 2120 28005 20552
29859 20591 34757 9131 24571 9259 26353 630 29126 7532
27532 18025 34217 205 15338 17912 1972 6820 19356 19158
9496 35867 26847 15635 12233 30787 29200 3593 2944 27242
34184 32803 7833 28940 1934 2441 8236 28287 3071 7400
5857 641 35463 10111 846 10800 28024 12856 27658 17417
32014 37155 13283 28898 22827 25516 29722 12026 39148 32666
9306 33331 25469 17139 32308 37441 29618 10582 35765 32689
17982 11659 3367 23482 21771 4213 34282 9794 17069 31977
27211 19120 29131 10532 8018 21995 6085 7777 4059 5232
443 13365 8600 35950 541 10946 33390 30159 21528 39192
32885 39510 10851 36253 22991 2659 465 27310 22491 27573
19286 19739 16730 18455 30271 34786 449 6394 2563 14546
11626 3006 27911 20227 38956 28452 31173 2382 28648 22738
11611 21533 32285 32500 17785 25313 35159 28288 12622 27687
25898 1945 17464 2628 20400 7734 7451 30888 14128 10014
5433 35793 23058 33345 26057 32051 31834 27267 34433 30520
10004 16082 12052 2288 8581 39875 27601 13778 38200 10260
11502 24098 22243 28966 36764 2643 36701 4214 3568 20866
24267 9001 26696 7324 12383 12752 39376 14255 10056 3845
4774 20060 19927 16826 32386 38547 26738 30024 12324 24937
10321 33864 19072 32565 22830 15835 5245 29568 30088 8813
10433 14354 17814 7167 31716 235 29957 1128 14490 13
4974 19264 30111 34939 6127 32535 3522 32865 22558 25884
27839 2917 19748 6911 35482 2577 22746 10764 32145 22871
19577 12615 7262 7428 19782 9016 17701 9739 10144 32191
19790 25156 21492 9900 30133 27619 2434 33655 30521 35031
19539 18360 7985 39287 35309 13504 1863 28092 24268 4045
10963 13882 16660 28263 21310 6480 37279 39012 26257 7423
1239 6046 2616 22732 25984 32749 20388 38457 26404 20947
3524 15980 9344 11509 15266 4652 25013 27167 32744 19318
31212 13744 33200 7871 2007 14509 24389 39286 23558 10645
16746 34836 16691 19363 17567 12713 12111 7992 11169 8552
28939 14693 24532 8320 26202 39798 12972 21252 37002 15754
569 28213 29498 33769 6122 31505 18315 30511 828 11911
11194 17574 6746 37923 36937 34351 10635 9048 2342 21804
27638 1319 36497 12170 9639 32736 22005 32650 13987 19007
8403 14556 17257 7938 8324 33417 39444 36678 33966 10309
8588 5159 27883 15334 3081 24820 19722 13717 3905 32102
35521 1580 33421 2055 13750 13098 34791 5793 15785 18816
34838 34226 33372 12094 2163 11734 5511 11644 8411 39477
21953 27037 14673 9836 2370 17754 4693 22092 31471 18636
24231 37030 20216 17652 9122 4004 787 13950 9797 26610
32766 4634 20835 36176 26766 22998 17947 2314 4680 36396
11828 26633 23432 26501 6506 35840 4255 21237 27969 5763
39873 12199 12830 30127 39889 21952 34131 10713 5940 13965
37323 38706 18599 28195 4918 15402 21231 32903 17717 25911
29298 29545 22581 22767 16046 29088 18606 30339 10324 16612
36102 20235 28812 18970 10361 28700 921 14529 9451 6861
28494 6773 15605 17130 34969 30561 32532 16199 23464 10248
12147 22799 9831 34728 5566 35915 23815 34210 26253 4177
10822 32392 34450 39634 11361 14848 38371 22321 29377 7821
39220 27908 24633 24862 5037 29639 15423 37569 15875 8924
17855 28022 31723 27686 22749 7326 23600 16602 1536 9852
30817 12358 12281 35304 22029 23643 10151 20399 16001 39528
38259 15220 27435 32929 82 2509 22567 25543 77 8479
34467 17932 6538 36227 5617 39325 3553 39255 15926 5089
19144 16780 17447 31426 12083 9513 25106 22234 39950 1106
31799 38208 16326 29271 1173 26446 31780 33778 11988 1895
2256 16492 19827 8794 12719 35483 8119 16272 34737 34083
21361 13881 20901 8845 15344 32984 28396 449 25256 28345
11593 27092 36591 27919 26401 37764 24403 28218 31542 36391
30113 33798 22921 19978 12630 35640 25498 20749 11911 30272
24869 3309 14190 5769 22192 29534 38754 10587 20 34047
38932 11613 21138 35522 39533 7538 3323 33973 35757 34865
400 35907 38700 23321 15884 11329 18960 11419 2115 908
1691 26985 4217 15881 2791 36447 5415 11582 17071 5435
5628 16003 17049 36805 21562 26619 14380 34923 30629 20174
29787 31029 16081 28487 14350 2002 9853 3347 13422 11969
4256 25151 8991 18511 1031 21820 14958 16484 33403 32029
21920 39031 18069 9006 5872 9669 5662 20253 4591 36291
426 4416 37357 26545 2940 11706 28548 12793 25092 12007
34800 29348 37158 13828 17896 8226 35649 2891 24711 39089
4958 16668 8156 23027 35712 14029 2733 1373 34282 17363
7701 4745 31817 5057 31291 34757 26802 29876 17587 11893
11920 22425 1240 19115 6290 19136 27341 1938 32066 12051
11064 37024 38757 19221 20050 34468 33250 32822 5878 27531
20222 13579 2313 12038 28675 33604 6794 15476 33517 34419
27369 5436 16843 38647 34589 23134 27820 21930 35110 19885
4018 6174 16908 2775 25395 6996 7280 28682 9855 13159
26250 30077 36776 28563 12152 25450 32205 28984 10963 25721
23402 8369 1195 10283 7015 35784 3454 4873 27751 38564
24758 31770 14775 11704 4582 10207 28738 11862 38889 38593
35059 35176 38707 31835 23739 10858 27322 15943 39842 8323
11701 23243 16692 22934 3563 23708 18718 7017 38619 16506
15619 23376 18313 431 5117 22895 10639 33855 4795 19565
32447 39854 14741 31153 1725 8517 12048 39086 24460 11889
7408 6198 5170 24100 29133 8733 17845 17888 15751 16463
34394 31370 9877 12707 31801 14994 5639 12477 18887 10434
2080 11333 20326 16821 12524 22051 25338 34610 31174 19835
6499 38582 36071 11669 32720 25203 30440 10564 3090 6190
27028 7522 7597 6942 30267 9436 21936 35906 31951 822
16378 34031 22194 36704 20889 4755 28792 16264 39365 19966
6136 15901 28585 2207 37608 21304 27410 28048 31869 538
4275 28934 18098 21911 35876 8364 31347 27849 14307 33335
38710 30685 27366 20903 27388 8254 35696 26218 34557 5097
6183 692 20999 4805 2899 18606 26110 30310 16691 28016
885 20967 26987 18983 2877 22862 37385 4261 10710 11691
37596 19457 2376 24961 359 39802 3253 6092 26019 37810
11190 2239 8539 32189 7045 11439 20832 33155 11786 37524
31208 12671 18490 18194 1691 31405 1055 39076 35666 21803
10766 3298 1260 23180 38298 11657 22982 1550 17750 19038
9397 38978 21278 17936 31166 28323 39413 11997 31515 11198
19558 22722 23869 8085 915 35598 39490 12008 34673 5192
3848 15477 8491 15146 8694 6788 26804 1713 18376 14591
20752 37811 13568 2029 25784 14771 30352 25197 36806 21866
36395 16364 14625 30302 24449 15540 25899 33977 37586 30610
39169 1433 16124 17697 16580 24818 34523 13421 26532 12898
28012 7283 20746 11617 9312 6530 26388 9701 31727 23193
1604 38159 9594 16229 28460 4081 1806 14359 38058 39392
15006 7263 10862 31130 24961 27442 15947 19483 862 2478
2419 38912 19799 33203 10528 39149 39733 6953 8849 1496
184 10453 39656 9778 36720 28115 23897 38526 12511 21954
7954 27517 29218 18817 18646 24216 16296 4631 13736 17159
17147 26193 26108 36947 19396 6674 36095 19128 23665 4944
30663 23849 25435 30318 3665 22155 28470 27562 30718 981
19554 8710 28498 18809 27527 17182 13062 3822 21813 26798
31019 38960 12991 27165 5943 32387 33839 2038 21552 17503
17020 12214 11390 2454 12569 15055 34647 1039 12654 35403
2020 2245 4112 555 21054 1676 27775 34116 5498 19625
30952 6555 18585 3942 33720 34566 6366 27558 36604 37956
15098 13623 20208 36526 26116 32777 11580 30800 3853 34273
36240 15911 36518 351 26505 27610 2027 14279 31763 17564
33905 22714 24119 22527 36694 17838 17092 13097 15433 23734
11053 568 7394 1298 37095 3547 4112 18712 34348 7966
12984 624 23877 19540 976 20419 17187 13041 34699 8949
30605 38641 1701 24761 31205 8432 12636 8296 21530 28069
2067 2620 28638 9462 3918 35770 13009 18068 14481 17394
36072 37504 18019 29987 27081 29033 10405 4267 2073 5103
23254 2716 3743 34993 37515 34948 3425 10151 13282 24955
8257 25387 27575 36895 34849 1530 2701 17896 29636 17183
35290 25708 24724 23346 15694 11804 12378 26099 26109 24490
31203 9362 37244 4983 4355 34758 9969 7780 4908 33289
2772 13166 18675 384 20098 23562 11952 22800 1457 1587
10020 6784 27295 34744 30131 2988 16585 12546 39126 2693
37036 365 22093 34279 5348 36486 29037 25355 4265 3982
28681 17075 27186 17394 17459 17322 955 29411 10159 12450
30999 20179 19234 28331 24960 19402 1357 11582 31949 482
14275 28984 847 6405 33301 16233 2891 32375 1588 17194
36357 306 34270 23543 17700 11728 10902 18655 11177 21061
1142 2175 1239 30415 543 36237 9816 1900 7818 1764
2382 32131 786 3229 38536 34087 19463 1426 26461 31089
18621 32855 1432 12890 26435 19133 34656 37337 7825 5832
18397 8968 18045 29674 39383 18589 25910 19236 20489 3765
21001 32910 35896 31825 36139 4469 25911 25639 5895 22409
26765 34554 15263 28198 17481 1698 17368 22175 39035 25193
38045 27470 4198 16090 17143 13618 4716 13091 32855 35243
16856 23893 28152 22790 15717 34329 27259 11665 30005 3191
4111 26808 7783 19374 15005 25264 31110 32373 7438 182
27603 5483 27652 1839 31611 4794 15457 6364 17885 18349
1606 4779 2241 39797 27569 27996 34125 24865 9698 34167
28056 13809 20974 35839 3221 6016 31141 34331 8426 8616
34513 36030 24137 22164 7906 25785 36997 23363 32149 14881
1712 3793 19660 13991 3589 17266 12025 7751 2130 21723
1917 224 5570 32930 36063 8791 38946 37241 3121 7372
5857 7672 13439 31 29836 21345 25817 36870 14745 17965
11751 26495 21758 1448 486 25347 28753 22549 3135 30883
4271 5053 31107 9841 37983 37208 18632 6965 34448 31792
14337 10342 39464 27776 10374 39337 9120 36191 36207 23866
24193 17995 10360 5951 19443 20884 1335 8195 3432 4471
9116 17742 19562 222 37621 27582 7467 16253 4584 1915
18082 18922 12257 17545 16735 32669 16881 25856 28859 13087
19759 13052 31082 156 29041 20563 31079 30376 38796 34511
4884 7911 22290 34484 18172 19911 32103 35677 6201 36688
37592 24283 25647 19887 1827 2381 12555 28746 38275 11452
11871 18033 34542 12990 28228 23582 33553 19306 23995 2386
23854 38918 20335 6144 3438 8544 36093 5579 4221 2293
2266 1812 26576 37951 31737 38441 331 14330 37224 38607
25782 9094 26677 30361 22085 14904 13942 25675 4247 7974
28061 38140 6891 8396 4283 10330 16940 10413 25947 21161
12706 28213 33012 9319 36201 34786 7759 36532 9115 4982
35138 4934 24115 31853 35295 6199 16794 19274 31874 21042
27249 29973 19181 4177 38369 33502 24545 25346 3914 10491
16545 26658 8741 19594 35977 4941 14379 13773 1473 33533
28793 6648 8504 12907 38501 13837 19106 15295 33111 21018
6374 30397 10990 35593 34575 19396 39132 29157 4741 13083
39649 31324 39741 8389 10917 5754 13331 35335 19527 24842
38905 8319 31490 7408 21227 28 21245 10370 25361 24394
1425 1772 24828 12415 37365 19402 31811 36496 18597 6590
9578 18245 37914 19356 36672 18869 25110 10002 14203 4636
4881 13107 22993 6409 30553 14257 6437 11798 24628 1835
6229 36091 3607 31057 8506 971 20497 10354 7504 39094
26982 17082 17338 24896 36438 14009 13802 21547 34050 28005
36221 8968 11149 19213 15377 1701 33471 21814 23537 28136
33687 29766 24226 37294 30861 2769 8302 11357 13124 15806
20488 105 2925 7863 35039 39363 31910 8840 30947 35997
6882 27167 4965 18031 16418 20342 29771 9888 12194 13307
8061 5880 13111 32287 3174 3971 5094 21514 25366 18218
37321 15891 28361 245 23754 23400 9646 15663 2277 592
11660 9160 37798 16625 37229 14215 36967 37037 34141 9160
10344 2201 25079 33493 4525 38291 7501 9619 19804 32867
37875 27162 8757 36274 27408 2548 29711 37054 18211 31988
7683 39909 11185 5480 26571 18452 29733 23538 15488 23873
2735 35870 36112 37852 29362 10675 36142 36863 30332 25984
39767 38245 13145 18561 34518 552 31147 24228 7643 9358
26253 25365 19304 7476 882 5875 25928 30616 39451 11453
24526 2185 7323 30676 10075 6722 1350 6216 13623 1719
32200 23427 39964 5345 12026 4518 15935 3172 28746 33617
22568 25037 18981 1872 32513 29901 7747 28478 20516 7197
39931 15080 19420 17291 5755 29495 34052 17143 5749 17712
18862 7986 1138 28864 13331 13164 33382 39305 16337 32166
2958 38905 17202 21939 10814 9714 11839 18561 38192 2393
35796 8159 17473 25254 35489 33266 24786 39578 10408 30535
17289 39308 38522 18427 28171 21890 1629 31591 31232 28004
23756 34190 36946 957 26166 7760 20709 8043 36359 28938
10436 32155 37097 37947 27446 2622 31212 12231 2199 11657
2766 19488 21002 11325 7953 9173 3252 9582 763 34485
7623 34557 28674 4568 35514 24878 12328 16222 32921 8687
5159 13394 10879 12293 21378 38325 24954 22627 10555 27153
34284 23359 16679 15285 4721 24632 34496 7974 4251 5296
2458 11874 39853 1169 16442 5403 36085 38809 21625 29005
17533 36822 12436 38450 19153 33814 36774 4106 16440 17366
1296 20761 10763 17975 6084 15484 12644 579 23458 16895
15914 35954 38807 15766 7161 25287 31208 3245 34133 12832
2288 11665 19692 14724 10114 38845 8538 16925 12988 35016
4328 14284 15777 15091 32260 21861 613 14941 32478 34109
31837 8391 30063 680 34196 7261 25967 25403 20544 20099
8272 22832 1801 27964 37557 21953 36846 16132 38878 9833
11147 13244 34156 36962 38373 26415 18822 38986 11393 11300
33095 3229 19691 33195 13948 23924 10493 9952 9326 31037
89 17599 13869 1890 15600 21463 23844 12446 7632 32759
32317 28817 16040 26472 25779 14413 22924 14638 13398 34318
35976 16530 7584 25705 9724 21532 9628 30255 31485 18955
21292 1611 6591 5198 3501 22191 36699 37383 4674 14368
179 36992 3184 16219 33501 39001 30632 16425 23677 14068
10742 19652 30598 28364 5356 10360 19934 14985 614 21456
3977 21906 23067 10568 37142 26568 2796 33840 33989 7471
18245 34168 4462 21430 20424 8000 30468 11056 24425 14144
25124 5204 33797 25759 33569 9190 36119 13502 24175 36734
34958 38190 28677 18024 8757 35857 14629 21592 29696 18655
29063 7941 22860 3562 39409 3284 11562 39914 24378 6025
14058 19539 11229 17892 5297 14835 27082 1416 28337 21295
8187 33332 29522 6901 21393 8317 2757 6060 29909 2491
24715 18971 20470 7575 32571 19878 10859 4132 29829 35237
10157 3886 24813 31425 31816 30110 6259 28936 1563 4634
20268 9750 37966 9789 26690 29397 18106 29447 35457 8014
1975 30209 37023 22445 37784 29593 12360 18680 3763 2189
23954 13920 16113 8766 5344 7929 8914 11604 36865 10477
26276 27170 30266 34279 36959 16955 23675 25103 16439 29169
33117 18415 19378 177 859 27199 29770 23258 15917 33533
25447 9908 17491 11597 28713 32873 19526 37627 14514 26428
8103 789 13597 8406 35069 20594 25361 28781 5696 11838
17950 8850 30253 7365 9027 1149 4601 8835 34445 30556
12405 19891 464 29896 31489 39215 32807 21052 36841 7320
17518 14981 18148 1152 23388 13216 21746 18786 12034 37480
661 29984 6330 30914 7386 15357 2101 11988 34230 36546
2543 6635 26475 13045 6568 28001 12259 39375 19090 19137
16733 36608 34119 34881 7798 27544 18134 39582 16367 30168
37062 17029 30190 13429 17980 7613 38824 20081 19601 33054
26665 32183 9726 23177 15265 16294 11177 27525 25707 304
16699 12477 36913 10817 17395 14748 8398 35529 14329 34804
35734 21428 11832 35961 34857 39850 3574 33681 19931 33213
26734 16633 25395 36460 39810 10698 22791 21024 38223 18535
21328 14921 31012 28278 35777 8406 3025 14212 13972 27393
9015 19744 8820 30885 15704 3677 30735 19278 7395 20703
22529 34129 37336 7923 625 7182 18621 23416 38244 26881
11989 19571 11840 3000 17887 17654 21445 20912 1903 35417
18342 10919 25198 37201 11841 902 10915 2575 30218 18310
33316 12746 22476 30651 30708 23101 7870 19366 16554 6113
16285 28543 35723 38163 1581 13609 15816 23026 4558 17719
28480 22901 38676 13678 30139 10517 24618 1053 23130 14835
19363 16446 37620 1838 17134 38365 34977 35043 27768 21568
11193 4052 10111 6915 12252 11692 20524 28068 4755 25083
15825 33235 18021 24538 16950 8159 5092 1567 9212 38261
16403 38613 14706 24060 10488 1877 22424 5464 6957 20229
27032 18151 24282 7180 25066 36534 28910 5590 34640 33665
710 20502 36938 28769 5039 13887 36928 20170 15455 16177
18430 1895 14789 3173 25955 25277 15088 18416 778 22046
38645 27810 196 32964 34991 25262 39536 23900 889 34175
27603 11637 24714 24540 405 39791 38427 7370 19960 13881
33585 8427 25814 8373 11600 11768 3687 36727 221 14503
18772 8904 12351 18968 1867 17379 14267 11440 11316 25195
15652 38919 36832 365 23458 37238 156 31923 14645 30154
15841 8230 38582 1655 26641 20219 23461 366 16945 23683
14869 35717 2624 27220 24722 14529 14636 9027 25970 25953
34222 1621 24871 31053 1987 18367 38328 12181 10289 23011
12372 36168 31241 10953 37823 17881 1210 21284 28285 18155
15004 3154 23910 17628 411 18669 32157 15048 27696 18126
1000 21917 29786 35909 23008 1810 14275 21335 24029 34602
4345 36401 30770 5623 17392 38630 33543 18602 29951 21827
36757 4954 35019 30704 32620 35431 9373 24777 20516 37069
12940 31554 29024 12763 37500 12031 14573 21813 33366 38602
16414 7749 35003 17221 13372 12394 25889 6914 1033 15839
38780 7827 20794 33798 38532 23451 39266 7904 18265 29819
15010 1243 21372 4033 14006 28910 16064 28580 10722 19468
37219 27136 37255 32221 14395 20664 14652 283 37617 15685
16122 36396 23513 6953 30193 32082 30405 39497 10023 8669
29315 25033 9912 20725 39105 33957 9634 25206 22536 20356
4673 29792 17529 11965 32051 1961 32630 6702 2244 30246
32426 28405 36679 25976 35358 26871 18057 35800 36405 28080
14507 25720 23150 34457 16482 22254 28413 26116 7460 20986
16509 22171 10778 4075 34137 2828 6037 36804 19568 8281
27049 11993 6723 23727 37969 2081 20635 16025 7918 27078
14142 32463 12797 37293 26920 39317 19546 25370 35470 37044
6356 11978 29253 27172 16053 33427 30000 22090 30230 19605
409 27316 31599 7132 21080 39605 19251 1714 25668 37208
38830 39810 29670 21664 7139 16589 20980 26686 1959 16449
33767 18353 38465 33057 5524 14518 26483 5561 6645 16712
25166 17092 4027 26802 34263 25107 36445 23551 36860 22112
20758 5726 31959 10428 27391 39099 37055 8370 35822 9051
34858 29588 27404 33322 22645 2965 17877 19165 18564 34561
35878 3730 11652 9942 569 15952 5087 37014 39504 11984
19125 20261 17710 11084 726 5100 20220 7819 23509 16041
16870 18366 15666 14312 21725 8348 17277 39603 27514 35842
34163 23391 9609 15852 3370 10178 1842 18495 17230 1345
30479 36355 31644 18227 17476 2408 33365 37696 10227 16873
13736 27097 5276 39441 11446 27002 7788 38762 36642 35302
4640 841 28730 14249 26731 32101 34465 28573 10595 11694
39956 11112 18087 31600 29339 35563 4045 22703 3296 14272
9614 27070 11406 24928 26510 22853 21967 34299 31652 18608
29600 36292 19449 18330 10540 6180 20468 15042 4790 1100
26737 4746 12212 4823 6383 1550 10423 10428 34292 23757
24700 13943 10827 6143 38871 7374 39034 20838 1672 30685
9483 1310 26976 28933 29678 7553 5150 20183 32634 19978
21283 19370 24724 33496 34231 31107 5083 14691 11572 9412
8486 6309 33393 19313 12453 32264 36725 21524 23139 8435
12209 2659 19783 9222 31592 9460 26814 6779 39681 19447
26758 20963 8854 21519 24496 13122 22664 39618 27813 34236
19067 6336 545 12460 25649 23036 14761 32412 4559 7937
846 26806 10596 20629 6066 12226 126 2917 29043 39807
22364 25838 30807 1255 7357 25341 14377 30021 24958 12227
34294 14062 18564 4876 26522 14250 37950 11320 6661 12547
19257 17545 39353 39892 8211 15456 12117 8337 18373 1159
18181 10774 26998 8988 22067 4392 4366 36444 4450 39362
18709 38744 13423 7310 13658 9983 21560 11607 21303 38260
24154 10598 15804 33545 10489 24016 9000 32644 2390 37412
3840 30610 18223 875 9635 290 5267 14001 6771 19755
13362 25480 28537 26785 32790 2194 6805 24388 23839 28109
22647 7993 8744 8488 11575 29271 2541 20575 31952 14970
28024 35792 5579 16285 36668 15214 16575 11972 29215 33384
1765 12614 18864 30302 9436 21691 2533 16242 6078 26372
14388 38763 4402 23132 17289 15977 22440 29868 6590 14391
4837 34614 10182 20454 20936 16887 35668 37511 38898 34920
30895 662 7533 19796 30964 16970 11524 3534 33212 27641
29906 7599 36441 34309 768 13729 10285 23208 3597 16875
37599 18472 21527 17818 38927 2462 4743 34594 10011 3640
39552 10943 14340 7084 776 5303 34092 12300 18875 37341
9978 8780 14977 6419 13126 15745 20148 23412 8990 33783
10324 16626 22293 1888 34445 21219 14389 9225 25850 24400
12865 25401 5380 27205 2523 6156 2545 36615 28494 21420
3993 38473 237 18970 14929 13364 4753 35077 36776 13743
38898 17137 407 21190 19026 34852 12446 33415 4076 38296
27852 26979 33735 33232 24221 36258 9425 26766 2909 7956
18223 6902 16466 18460 35911 31395 31824 663 36510 38637
24444 5444 15774 24851 26634 4837 29740 9117 38252 33816
7412 36141 30832 1146 29372 15052 7441 8834 11855 20389
16790 30078 37329 33257 18576 33239 34689 10399 33902 31198
19074 18346 36642 34848 3196 33313 9722 32937 2429 7973
36790 19880 4113 37660 31064 3522 22749 38506 22394 34605
28932 39184 34720 26260 2477 13295 19499 7204 33733 23438
8439 12806 11821 5081 17691 15018 8431 27413 17992 10861
5423 24819 778 19574 22478 31842 33134 15265 384 15527
9869 29316 24748 14626 25614 37264 37960 5112 4467 1729
38588 12906 24573 10409 28025 2263 25427 36457 39714 13456
17355 5136 38275 18133 34748 30791 20012 27881 6055 20397
13445 25962 19750 38193 10625 5363 35456 8584 20513 9960
10313 19101 32905 34886 29510 20929 7186 24974 27423 6899
8467 4777 22073 16779 32948 16820 7569 22998 14738 23662
13432 28183 19661 3219 36414 30287 18621 31869 38871 39134
11867 19222 28272 4771 14107 27819 35738 31332 12792 23161
38231 31297 37976 30342 8076 961 7161 25683 23959 31938
9345 7428 30158 39044 10647 26571 29330 29268 28478 38239
28402 344 27498 26711 15153 1604 14530 10890 2973 37360
34051 1204 28657 32027 31546 36733 3025 8744 22415 26984
10719 1797 4449 877 10879 15096 27448 10246 4364 15925
8484 2803 26307 35982 29514 1459 7624 14081 12350 10597
11441 16438 21839 97 18502 23422 6867 21527 2204 39320
18548 22961 11155 22997 23838 22034 8131 21324 32280 12495
37249 10802 15298 33594 16821 14849 35053 34483 28931 17440
15118 371 3916 36957 10506 22418 30417 27411 13983 2658
26730 2568 25619 37885 35604 9457 29956 3734 30781 22236
16229 38067 3075 1564 1697 19896 26451 6788 14379 15381
24228 39535 25790 38182 6528 36296 30638 36945 23706 14658
9640 20474 17226 35260 28396 12829 14754 18352 26601 15572
10625 12867 23676 13700 14431 25374 3633 882 32162 18012
26301 26427 17546 12091 24609 34113 18424 25284 31057 12168
39942 697 32642 17167 5994 21037 34 20748 39389 26635
36320 20051 39503 19995 33751 23971 5368 37385 34891 7567
25434 21192 33995 13018 33283 28641 7130 11706 13924 8224
23874 13865 8921 26553 1069 24953 17628 1103 5700 27054
37777 12057 7105 7316 32053 855 1324 7458 38240 36216
25064 33712 17407 19058 6729 20727 7698 13859 2470 21622
32121 36383 35487 1042 22935 36556 36033 562 7697 1733
27617 15511 23828 4759 22827 25918 5614 34189 33377 13892
30404 18440 7603 17848 7535 24370 38575 15233 8266 1045
6892 386 37428 12416 11466 30400 19009 7499 1000 26706
19270 28617 2216 3097 33376 35081 29016 9027 29270 32430
32957 29711 20907 10597 7559 28442 34967 16171 13712 3232
27254 20604 13657 24681 33020 25123 25119 12028 2659 26119
8772 21929 14735 21026 25027 18148 26145 24080 37213 25452
16509 30170 15162 37416 766 32759 25857 5771 8930 39569
19041 6221 30210 32698 30903 23229 27859 16021 5294 30518
12177 24104 22485 26912 5130 17549 15097 31275 1628 22347
16726 18137 22554 1925 15552 23321 34685 1408 39130 13652
11014 18170 19873 1223 10868 20813 34490 8764 6871 9821
9319 19048 33926 31804 15997 9093 9352 1131 367 10980
23479 17093 29117 6032 19018 14706 39391 23740 26152 38520
37392 37166 16690 27303 8426 37596 8115 12953 6359 14987
32813 15678 34035 26738 17520 20070 35831 26872 21201 6235
7890 4679 33366 7044 20750 22421 21751 20140 6161 7902
28698 13590 15106 5387 892 33570 13020 19046 6523 29417
4070 39336 5094 8142 36111 32652 28212 1978 19524 9413
8213 37452 24130 1578 4495 4879 34037 36284 35058 197
4186 23755 23826 29330 29142 24718 22899 2161 13801 39460
31578 17871 8832 6709 26014 4942 9399 14225 16958 38961
33676 35209 36412 17806 6824 10944 22685 861 7228 17742
1058 21452 1496 24884 10781 675 19640 3717 12874 3478
3177 14489 21350 12009 31237 17401 26990 635 1663 3947
39596 35340 39157 6044 13145 5980 16988 5867 6841 24216
23610 17938 5667 35144 12859 26486 5857 32499 30204 18731
6015 3418 33221 27365 15427 34495 4765 12454 35130 6428
16402 4762 11805 25596 10806 24950 31576 27794 30818 8455
22048 24465 26393 37753 19608 39252 34277 25465 1788 34518
14234 7803 37936 17492 5205 23400 11986 20008 35855 17153
36474 12256 31953 8279 37852 2758 33229 39465 589 34084
7919 22637 18548 4349 30428 8194 13639 24704 3696 15427
19221 27968 33268 17156 5459 8510 10593 27483 28518 6447
4635 24991 28741 6625 33270 26592 9383 36537 36095 9973
30620 4013 2647 9168 8363 3112 27400 22002 27816 1133
7466 17074 29102 10771 4267 34561 19281 14861 32082 7798
21308 6754 2826 10049 13380 36097 6678 22763 32633 2772
2773 33290 16824 15459 12495 25187 18571 39895 17226 16425
1028 34730 33499 167 5500 37767 34728 34819 12627 36847
12654 3972 3601 15480 14021 16981 21614 30738 9781 14246
33510 22593 17574 10333 38052 30069 5557 26660 29964 32821
3084 1029 27550 36584 1196 3087 4387 5961 37906 17014
2808 20597 31024 16447 36078 5045 3465 17691 35783 13246
1975 39330 35839 19549 9663 3927 9617 25258 30588 9618
18079 3709 10647 15666 10330 21881 18754 14717 37881 26697
1768 10726 7294 32793 27173 13409 7875 30638 1137 13695
13921 3112 13024 9760 32699 32725 23725 2316 17983 24350
21972 36062 28060 2657 21765 38390 24538 518 23145 32456
37254 24913 3181 14585 27743 30354 27994 35618 31029 29131
19350 4950 2281 32375 24748 34980 35137 8472 7333 13119
32823 29306 19218 30920 31963 983 39347 26538 11539 22491
18994 18830 17442 22175 33415 15222 22567 31446 20878 13595
30615 227 18545 2933 2639 3292 37913 37777 21803 5246
10895 24663 4589 151 15582 36552 11172 14928 23089 22711
7457 12120 1541 24899 34296 4993 10158 16862 36440 31036
494 37092 31264 19040 24 33903 32370 37937 1716 24210
13220 22650 8872 27847 22801 34492 34436 33973 9420 27563
