20 20 9
0 7823 38355 13923 26946 23523 37532 24477 22362 11261 19233 28220 7975 25260 11147 22144 13937 12337 23863 25264
25588 18023 5053 37060 10176 21705 25498 28439 8196 5099 4514 9760 12923 12906 33721 9906 36429 31252 4420 28829
12550 23654 17048 20526 8913 38234 2669 32888 20608 36570 28189 6195 14593 33242 13292 34807 24984 8828 23246 33181
13927 37798 12978 36888 10704 6698 16831 17170 7987 21252 16036 30575 14943 3122 11100 23856 1355 23807 26781 21963
30415 14969 38196 15045 8210 11487 9851 33194 20315 3134 36412 4280 932 9389 1167 21674 26125 28037 38844 4149
9288 24918 34725 34269 28040 15862 28162 29395 39670 14942 21395 30084 29911 19590 15166 8158 1114 25017 11389 21430
38190 17839 25710 39122 27228 36915 30833 23391 24951 29676 37578 4276 14593 32302 38545 12670 8164 26706 2064 17871
11685 33497 17992 1595 23124 33158 19791 24239 28212 1218 5668 26401 19057 31378 35560 16322 38330 26392 39713 33319
26106 37291 37595 698 39630 6177 13369 17831 2920 25471 35702 14606 29006 23731 26239 12129 16888 16068 36368 5100
17286 2035 1538 36343 3450 37099 12664 11818 23490 22415 5136 9595 29743 12768 20332 29372 18945 3738 7203 21866
39247 12942 6509 28252 36674 32748 381 23599 8815 6786 38737 26101 18860 275 22443 22310 37374 5145 4165 20863
27560 9301 496 17302 22070 20828 6673 11052 24566 23914 32918 33850 6894 9464 22102 3567 2212 32521 37204 21065
39307 35941 7166 18166 36216 39647 10514 33589 4791 14679 24489 2388 23981 24985 19690 16088 15850 36402 27140 10453
30353 30096 4303 37247 39560 26405 10851 11809 28963 8055 32875 28269 3995 10078 6435 10248 19762 16949 13874 34592
31628 38363 36980 25646 33386 16670 1733 9235 23109 38912 29727 13461 29007 34030 20746 38604 30472 31597 10413 19434
9689 3287 7702 13684 23403 24175 33970 3164 1123 7843 37756 2789 6206 4773 38473 9629 21443 10244 28902 4551
9155 18628 28050 8199 12657 8795 6802 13166 392 17215 32600 20119 30540 10340 3841 23980 34515 37811 27145 5676
5654 34938 18503 21898 39711 16975 31527 31191 37257 20428 5779 6411 39057 33830 14610 21751 12662 31451 34918 23092
18703 27517 3211 9243 37857 7052 3260 2409 4862 30405 8085 10516 35381 36626 32414 5128 23638 33978 36320 20895
14406 2098 27306 23500 5965 11954 5250 18628 3404 167 1719 32145 37723 4930 1387 5616 22020 14686 8025 26883
