100 100 9
0 7823 38355 13923 26946 23523 37532 24477 22362 11261 19233 28220 7975 25260 11147 22144 13937 12337 23863 25264 25588 18023 5053 37060 10176 21705 25498 28439 8196 5099 4514 9760 12923 12906 33721 9906 36429 31252 4420 28829 12550 23654 17048 20526 8913 38234 2669 32888 20608 36570 28189 6195 14593 33242 13292 34807 24984 8828 23246 33181 13927 37798 12978 36888 10704 6698 16831 17170 7987 21252 16036 30575 14943 3122 11100 23856 1355 23807 26781 21963 30415 14969 38196 15045 8210 11487 9851 33194 20315 3134 36412 4280 932 9389 1167 21674 26125 28037 38844 4149
9288 24918 34725 34269 28040 15862 28162 29395 39670 14942 21395 30084 29911 19590 15166 8158 1114 25017 11389 21430 38190 17839 25710 39122 27228 36915 30833 23391 24951 29676 37578 4276 14593 32302 38545 12670 8164 26706 2064 17871 11685 33497 17992 1595 23124 33158 19791 24239 28212 1218 5668 26401 19057 31378 35560 16322 38330 26392 39713 33319 26106 37291 37595 698 39630 6177 13369 17831 2920 25471 35702 14606 29006 23731 26239 12129 16888 16068 36368 5100 17286 2035 1538 36343 3450 37099 12664 11818 23490 22415 5136 9595 29743 12768 20332 29372 18945 3738 7203 21866
39247 12942 6509 28252 36674 32748 381 23599 8815 6786 38737 26101 18860 275 22443 22310 37374 5145 4165 20863 27560 9301 496 17302 22070 20828 6673 11052 24566 23914 32918 33850 6894 9464 22102 3567 2212 32521 37204 21065 39307 35941 7166 18166 36216 39647 10514 33589 4791 14679 24489 2388 23981 24985 19690 16088 15850 36402 27140 10453 30353 30096 4303 37247 39560 26405 10851 11809 28963 8055 32875 28269 3995 10078 6435 10248 19762 16949 13874 34592 31628 38363 36980 25646 33386 16670 1733 9235 23109 38912 29727 13461 29007 34030 20746 38604 30472 31597 10413 19434
9689 3287 7702 13684 23403 24175 33970 3164 1123 7843 37756 2789 6206 4773 38473 9629 21443 10244 28902 4551 9155 18628 28050 8199 12657 8795 6802 13166 392 17215 32600 20119 30540 10340 3841 23980 34515 37811 27145 5676 5654 34938 18503 21898 39711 16975 31527 31191 37257 20428 5779 6411 39057 33830 14610 21751 12662 31451 34918 23092 18703 27517 3211 9243 37857 7052 3260 2409 4862 30405 8085 10516 35381 36626 32414 5128 23638 33978 36320 20895 14406 2098 27306 23500 5965 11954 5250 18628 3404 167 1719 32145 37723 4930 1387 5616 22020 14686 8025 26883
15128 26148 7436 10508 22773 9888 15637 16449 3865 21994 37344 28309 24092 24649 11808 95 6640 17059 18723 20082 27264 30480 12227 24986 5448 23652 640 27468 38338 8665 24388 13466 4851 31825 23974 37662 1712 9648 14110 15615 31642 11453 3924 25772 6140 25770 25867 22818 12866 14627 2900 130 5106 25165 35154 10554 8816 35794 8060 7154 14497 32448 30658 19348 24272 24669 27047 36022 34318 1157 21675 35997 22648 35637 21768 38826 21406 17672 21644 34273 32299 24544 4440 7443 9708 9631 17997 28562 5425 36095 5753 29960 28543 36411 19345 12814 21080 6391 18874 25435
17586 548 31469 10272 36185 23275 9097 27628 946 30741 31938 33246 25322 36378 10726 35030 16047 38761 33630 21472 34856 39383 21469 23398 35794 813 6249 26911 7204 25123 12345 34829 35709 13851 5100 31893 37126 14197 29559 38073 14976 21496 1355 297 27912 12081 5365 3958 10841 38995 35468 5696 38377 16936 39132 4207 27787 5381 31118 5028 30504 13500 39857 26213 27352 4956 28143 24477 29192 27739 22549 4167 9235 33942 14502 7184 16060 19867 21180 26902 18861 26685 2635 27276 13658 1767 31483 1444 7148 32639 6472 7689 6138 16367 3939 3527 31361 2120 28005 20552
29859 20591 34757 9131 24571 9259 26353 630 29126 7532 27532 18025 34217 205 15338 17912 1972 6820 19356 19158 9496 35867 26847 15635 12233 30787 29200 3593 2944 27242 34184 32803 7833 28940 1934 2441 8236 28287 3071 7400 5857 641 35463 10111 846 10800 28024 12856 27658 17417 32014 37155 13283 28898 22827 25516 29722 12026 39148 32666 9306 33331 25469 17139 32308 37441 29618 10582 35765 32689 17982 11659 3367 23482 21771 4213 34282 9794 17069 31977 27211 19120 29131 10532 8018 21995 6085 7777 4059 5232 443 13365 8600 35950 541 10946 33390 30159 21528 39192
32885 39510 10851 36253 22991 2659 465 27310 22491 27573 19286 19739 16730 18455 30271 34786 449 6394 2563 14546 11626 3006 27911 20227 38956 28452 31173 2382 28648 22738 11611 21533 32285 32500 17785 25313 35159 28288 12622 27687 25898 1945 17464 2628 20400 7734 7451 30888 14128 10014 5433 35793 23058 33345 26057 32051 31834 27267 34433 30520 10004 16082 12052 2288 8581 39875 27601 13778 38200 10260 11502 24098 22243 28966 36764 2643 36701 4214 3568 20866 24267 9001 26696 7324 12383 12752 39376 14255 10056 3845 4774 20060 19927 16826 32386 38547 26738 30024 12324 24937
10321 33864 19072 32565 22830 15835 5245 29568 30088 8813 10433 14354 17814 7167 31716 235 29957 1128 14490 13 4974 19264 30111 34939 6127 32535 3522 32865 22558 25884 27839 2917 19748 6911 35482 2577 22746 10764 32145 22871 19577 12615 7262 7428 19782 9016 17701 9739 10144 32191 19790 25156 21492 9900 30133 27619 2434 33655 30521 35031 19539 18360 7985 39287 35309 13504 1863 28092 24268 4045 10963 13882 16660 28263 21310 6480 37279 39012 26257 7423 1239 6046 2616 22732 25984 32749 20388 38457 26404 20947 3524 15980 9344 11509 15266 4652 25013 27167 32744 19318
31212 13744 33200 7871 2007 14509 24389 39286 23558 10645 16746 34836 16691 19363 17567 12713 12111 7992 11169 8552 28939 14693 24532 8320 26202 39798 12972 21252 37002 15754 569 28213 29498 33769 6122 31505 18315 30511 828 11911 11194 17574 6746 37923 36937 34351 10635 9048 2342 21804 27638 1319 36497 12170 9639 32736 22005 32650 13987 19007 8403 14556 17257 7938 8324 33417 39444 36678 33966 10309 8588 5159 27883 15334 3081 24820 19722 13717 3905 32102 35521 1580 33421 2055 13750 13098 34791 5793 15785 18816 34838 34226 33372 12094 2163 11734 5511 11644 8411 39477
21953 27037 14673 9836 2370 17754 4693 22092 31471 18636 24231 37030 20216 17652 9122 4004 787 13950 9797 26610 32766 4634 20835 36176 26766 22998 17947 2314 4680 36396 11828 26633 23432 26501 6506 35840 4255 21237 27969 5763 39873 12199 12830 30127 39889 21952 34131 10713 5940 13965 37323 38706 18599 28195 4918 15402 21231 32903 17717 25911 29298 29545 22581 22767 16046 29088 18606 30339 10324 16612 36102 20235 28812 18970 10361 28700 921 14529 9451 6861 28494 6773 15605 17130 34969 30561 32532 16199 23464 10248 12147 22799 9831 34728 5566 35915 23815 34210 26253 4177
10822 32392 34450 39634 11361 14848 38371 22321 29377 7821 39220 27908 24633 24862 5037 29639 15423 37569 15875 8924 17855 28022 31723 27686 22749 7326 23600 16602 1536 9852 30817 12358 12281 35304 22029 23643 10151 20399 16001 39528 38259 15220 27435 32929 82 2509 22567 25543 77 8479 34467 17932 6538 36227 5617 39325 3553 39255 15926 5089 19144 16780 17447 31426 12083 9513 25106 22234 39950 1106 31799 38208 16326 29271 1173 26446 31780 33778 11988 1895 2256 16492 19827 8794 12719 35483 8119 16272 34737 34083 21361 13881 20901 8845 15344 32984 28396 449 25256 28345
11593 27092 36591 27919 26401 37764 24403 28218 31542 36391 30113 33798 22921 19978 12630 35640 25498 20749 11911 30272 24869 3309 14190 5769 22192 29534 38754 10587 20 34047 38932 11613 21138 35522 39533 7538 3323 33973 35757 34865 400 35907 38700 23321 15884 11329 18960 11419 2115 908 1691 26985 4217 15881 2791 36447 5415 11582 17071 5435 5628 16003 17049 36805 21562 26619 14380 34923 30629 20174 29787 31029 16081 28487 14350 2002 9853 3347 13422 11969 4256 25151 8991 18511 1031 21820 14958 16484 33403 32029 21920 39031 18069 9006 5872 9669 5662 20253 4591 36291
426 4416 37357 26545 2940 11706 28548 12793 25092 12007 34800 29348 37158 13828 17896 8226 35649 2891 24711 39089 4958 16668 8156 23027 35712 14029 2733 1373 34282 17363 7701 4745 31817 5057 31291 34757 26802 29876 17587 11893 11920 22425 1240 19115 6290 19136 27341 1938 32066 12051 11064 37024 38757 19221 20050 34468 33250 32822 5878 27531 20222 13579 2313 12038 28675 33604 6794 15476 33517 34419 27369 5436 16843 38647 34589 23134 27820 21930 35110 19885 4018 6174 16908 2775 25395 6996 7280 28682 9855 13159 26250 30077 36776 28563 12152 25450 32205 28984 10963 25721
23402 8369 1195 10283 7015 35784 3454 4873 27751 38564 24758 31770 14775 11704 4582 10207 28738 11862 38889 38593 35059 35176 38707 31835 23739 10858 27322 15943 39842 8323 11701 23243 16692 22934 3563 23708 18718 7017 38619 16506 15619 23376 18313 431 5117 22895 10639 33855 4795 19565 32447 39854 14741 31153 1725 8517 12048 39086 24460 11889 7408 6198 5170 24100 29133 8733 17845 17888 15751 16463 34394 31370 9877 12707 31801 14994 5639 12477 18887 10434 2080 11333 20326 16821 12524 22051 25338 34610 31174 19835 6499 38582 36071 11669 32720 25203 30440 10564 3090 6190
27028 7522 7597 6942 30267 9436 21936 35906 31951 822 16378 34031 22194 36704 20889 4755 28792 16264 39365 19966 6136 15901 28585 2207 37608 21304 27410 28048 31869 538 4275 28934 18098 21911 35876 8364 31347 27849 14307 33335 38710 30685 27366 20903 27388 8254 35696 26218 34557 5097 6183 692 20999 4805 2899 18606 26110 30310 16691 28016 885 20967 26987 18983 2877 22862 37385 4261 10710 11691 37596 19457 2376 24961 359 39802 3253 6092 26019 37810 11190 2239 8539 32189 7045 11439 20832 33155 11786 37524 31208 12671 18490 18194 1691 31405 1055 39076 35666 21803
10766 3298 1260 23180 38298 11657 22982 1550 17750 19038 9397 38978 21278 17936 31166 28323 39413 11997 31515 11198 19558 22722 23869 8085 915 35598 39490 12008 34673 5192 3848 15477 8491 15146 8694 6788 26804 1713 18376 14591 20752 37811 13568 2029 25784 14771 30352 25197 36806 21866 36395 16364 14625 30302 24449 15540 25899 33977 37586 30610 39169 1433 16124 17697 16580 24818 34523 13421 26532 12898 28012 7283 20746 11617 9312 6530 26388 9701 31727 23193 1604 38159 9594 16229 28460 4081 1806 14359 38058 39392 15006 7263 10862 31130 24961 27442 15947 19483 862 2478
2419 38912 19799 33203 10528 39149 39733 6953 8849 1496 184 10453 39656 9778 36720 28115 23897 38526 12511 21954 7954 27517 29218 18817 18646 24216 16296 4631 13736 17159 17147 26193 26108 36947 19396 6674 36095 19128 23665 4944 30663 23849 25435 30318 3665 22155 28470 27562 30718 981 19554 8710 28498 18809 27527 17182 13062 3822 21813 26798 31019 38960 12991 27165 5943 32387 33839 2038 21552 17503 17020 12214 11390 2454 12569 15055 34647 1039 12654 35403 2020 2245 4112 555 21054 1676 27775 34116 5498 19625 30952 6555 18585 3942 33720 34566 6366 27558 36604 37956
15098 13623 20208 36526 26116 32777 11580 30800 3853 34273 36240 15911 36518 351 26505 27610 2027 14279 31763 17564 33905 22714 24119 22527 36694 17838 17092 13097 15433 23734 11053 568 7394 1298 37095 3547 4112 18712 34348 7966 12984 624 23877 19540 976 20419 17187 13041 34699 8949 30605 38641 1701 24761 31205 8432 12636 8296 21530 28069 2067 2620 28638 9462 3918 35770 13009 18068 14481 17394 36072 37504 18019 29987 27081 29033 10405 4267 2073 5103 23254 2716 3743 34993 37515 34948 3425 10151 13282 24955 8257 25387 27575 36895 34849 1530 2701 17896 29636 17183
35290 25708 24724 23346 15694 11804 12378 26099 26109 24490 31203 9362 37244 4983 4355 34758 9969 7780 4908 33289 2772 13166 18675 384 20098 23562 11952 22800 1457 1587 10020 6784 27295 34744 30131 2988 16585 12546 39126 2693 37036 365 22093 34279 5348 36486 29037 25355 4265 3982 28681 17075 27186 17394 17459 17322 955 29411 10159 12450 30999 20179 19234 28331 24960 19402 1357 11582 31949 482 14275 28984 847 6405 33301 16233 2891 32375 1588 17194 36357 306 34270 23543 17700 11728 10902 18655 11177 21061 1142 2175 1239 30415 543 36237 9816 1900 7818 1764
2382 32131 786 3229 38536 34087 19463 1426 26461 31089 18621 32855 1432 12890 26435 19133 34656 37337 7825 5832 18397 8968 18045 29674 39383 18589 25910 19236 20489 3765 21001 32910 35896 31825 36139 4469 25911 25639 5895 22409 26765 34554 15263 28198 17481 1698 17368 22175 39035 25193 38045 27470 4198 16090 17143 13618 4716 13091 32855 35243 16856 23893 28152 22790 15717 34329 27259 11665 30005 3191 4111 26808 7783 19374 15005 25264 31110 32373 7438 182 27603 5483 27652 1839 31611 4794 15457 6364 17885 18349 1606 4779 2241 39797 27569 27996 34125 24865 9698 34167
28056 13809 20974 35839 3221 6016 31141 34331 8426 8616 34513 36030 24137 22164 7906 25785 36997 23363 32149 14881 1712 3793 19660 13991 3589 17266 12025 7751 2130 21723 1917 224 5570 32930 36063 8791 38946 37241 3121 7372 5857 7672 13439 31 29836 21345 25817 36870 14745 17965 11751 26495 21758 1448 486 25347 28753 22549 3135 30883 4271 5053 31107 9841 37983 37208 18632 6965 34448 31792 14337 10342 39464 27776 10374 39337 9120 36191 36207 23866 24193 17995 10360 5951 19443 20884 1335 8195 3432 4471 9116 17742 19562 222 37621 27582 7467 16253 4584 1915
18082 18922 12257 17545 16735 32669 16881 25856 28859 13087 19759 13052 31082 156 29041 20563 31079 30376 38796 34511 4884 7911 22290 34484 18172 19911 32103 35677 6201 36688 37592 24283 25647 19887 1827 2381 12555 28746 38275 11452 11871 18033 34542 12990 28228 23582 33553 19306 23995 2386 23854 38918 20335 6144 3438 8544 36093 5579 4221 2293 2266 1812 26576 37951 31737 38441 331 14330 37224 38607 25782 9094 26677 30361 22085 14904 13942 25675 4247 7974 28061 38140 6891 8396 4283 10330 16940 10413 25947 21161 12706 28213 33012 9319 36201 34786 7759 36532 9115 4982
35138 4934 24115 31853 35295 6199 16794 19274 31874 21042 27249 29973 19181 4177 38369 33502 24545 25346 3914 10491 16545 26658 8741 19594 35977 4941 14379 13773 1473 33533 28793 6648 8504 12907 38501 13837 19106 15295 33111 21018 6374 30397 10990 35593 34575 19396 39132 29157 4741 13083 39649 31324 39741 8389 10917 5754 13331 35335 19527 24842 38905 8319 31490 7408 21227 28 21245 10370 25361 24394 1425 1772 24828 12415 37365 19402 31811 36496 18597 6590 9578 18245 37914 19356 36672 18869 25110 10002 14203 4636 4881 13107 22993 6409 30553 14257 6437 11798 24628 1835
6229 36091 3607 31057 8506 971 20497 10354 7504 39094 26982 17082 17338 24896 36438 14009 13802 21547 34050 28005 36221 8968 11149 19213 15377 1701 33471 21814 23537 28136 33687 29766 24226 37294 30861 2769 8302 11357 13124 15806 20488 105 2925 7863 35039 39363 31910 8840 30947 35997 6882 27167 4965 18031 16418 20342 29771 9888 12194 13307 8061 5880 13111 32287 3174 3971 5094 21514 25366 18218 37321 15891 28361 245 23754 23400 9646 15663 2277 592 11660 9160 37798 16625 37229 14215 36967 37037 34141 9160 10344 2201 25079 33493 4525 38291 7501 9619 19804 32867
37875 27162 8757 36274 27408 2548 29711 37054 18211 31988 7683 39909 11185 5480 26571 18452 29733 23538 15488 23873 2735 35870 36112 37852 29362 10675 36142 36863 30332 25984 39767 38245 13145 18561 34518 552 31147 24228 7643 9358 26253 25365 19304 7476 882 5875 25928 30616 39451 11453 24526 2185 7323 30676 10075 6722 1350 6216 13623 1719 32200 23427 39964 5345 12026 4518 15935 3172 28746 33617 22568 25037 18981 1872 32513 29901 7747 28478 20516 7197 39931 15080 19420 17291 5755 29495 34052 17143 5749 17712 18862 7986 1138 28864 13331 13164 33382 39305 16337 32166
2958 38905 17202 21939 10814 9714 11839 18561 38192 2393 35796 8159 17473 25254 35489 33266 24786 39578 10408 30535 17289 39308 38522 18427 28171 21890 1629 31591 31232 28004 23756 34190 36946 957 26166 7760 20709 8043 36359 28938 10436 32155 37097 37947 27446 2622 31212 12231 2199 11657 2766 19488 21002 11325 7953 9173 3252 9582 763 34485 7623 34557 28674 4568 35514 24878 12328 16222 32921 8687 5159 13394 10879 12293 21378 38325 24954 22627 10555 27153 34284 23359 16679 15285 4721 24632 34496 7974 4251 5296 2458 11874 39853 1169 16442 5403 36085 38809 21625 29005
17533 36822 12436 38450 19153 33814 36774 4106 16440 17366 1296 20761 10763 17975 6084 15484 12644 579 23458 16895 15914 35954 38807 15766 7161 25287 31208 3245 34133 12832 2288 11665 19692 14724 10114 38845 8538 16925 12988 35016 4328 14284 15777 15091 32260 21861 613 14941 32478 34109 31837 8391 30063 680 34196 7261 25967 25403 20544 20099 8272 22832 1801 27964 37557 21953 36846 16132 38878 9833 11147 13244 34156 36962 38373 26415 18822 38986 11393 11300 33095 3229 19691 33195 13948 23924 10493 9952 9326 31037 89 17599 13869 1890 15600 21463 23844 12446 7632 32759
32317 28817 16040 26472 25779 14413 22924 14638 13398 34318 35976 16530 7584 25705 9724 21532 9628 30255 31485 18955 21292 1611 6591 5198 3501 22191 36699 37383 4674 14368 179 36992 3184 16219 33501 39001 30632 16425 23677 14068 10742 19652 30598 28364 5356 10360 19934 14985 614 21456 3977 21906 23067 10568 37142 26568 2796 33840 33989 7471 18245 34168 4462 21430 20424 8000 30468 11056 24425 14144 25124 5204 33797 25759 33569 9190 36119 13502 24175 36734 34958 38190 28677 18024 8757 35857 14629 21592 29696 18655 29063 7941 22860 3562 39409 3284 11562 39914 24378 6025
14058 19539 11229 17892 5297 14835 27082 1416 28337 21295 8187 33332 29522 6901 21393 8317 2757 6060 29909 2491 24715 18971 20470 7575 32571 19878 10859 4132 29829 35237 10157 3886 24813 31425 31816 30110 6259 28936 1563 4634 20268 9750 37966 9789 26690 29397 18106 29447 35457 8014 1975 30209 37023 22445 37784 29593 12360 18680 3763 2189 23954 13920 16113 8766 5344 7929 8914 11604 36865 10477 26276 27170 30266 34279 36959 16955 23675 25103 16439 29169 33117 18415 19378 177 859 27199 29770 23258 15917 33533 25447 9908 17491 11597 28713 32873 19526 37627 14514 26428
8103 789 13597 8406 35069 20594 25361 28781 5696 11838 17950 8850 30253 7365 9027 1149 4601 8835 34445 30556 12405 19891 464 29896 31489 39215 32807 21052 36841 7320 17518 14981 18148 1152 23388 13216 21746 18786 12034 37480 661 29984 6330 30914 7386 15357 2101 11988 34230 36546 2543 6635 26475 13045 6568 28001 12259 39375 19090 19137 16733 36608 34119 34881 7798 27544 18134 39582 16367 30168 37062 17029 30190 13429 17980 7613 38824 20081 19601 33054 26665 32183 9726 23177 15265 16294 11177 27525 25707 304 16699 12477 36913 10817 17395 14748 8398 35529 14329 34804
35734 21428 11832 35961 34857 39850 3574 33681 19931 33213 26734 16633 25395 36460 39810 10698 22791 21024 38223 18535 21328 14921 31012 28278 35777 8406 3025 14212 13972 27393 9015 19744 8820 30885 15704 3677 30735 19278 7395 20703 22529 34129 37336 7923 625 7182 18621 23416 38244 26881 11989 19571 11840 3000 17887 17654 21445 20912 1903 35417 18342 10919 25198 37201 11841 902 10915 2575 30218 18310 33316 12746 22476 30651 30708 23101 7870 19366 16554 6113 16285 28543 35723 38163 1581 13609 15816 23026 4558 17719 28480 22901 38676 13678 30139 10517 24618 1053 23130 14835
19363 16446 37620 1838 17134 38365 34977 35043 27768 21568 11193 4052 10111 6915 12252 11692 20524 28068 4755 25083 15825 33235 18021 24538 16950 8159 5092 1567 9212 38261 16403 38613 14706 24060 10488 1877 22424 5464 6957 20229 27032 18151 24282 7180 25066 36534 28910 5590 34640 33665 710 20502 36938 28769 5039 13887 36928 20170 15455 16177 18430 1895 14789 3173 25955 25277 15088 18416 778 22046 38645 27810 196 32964 34991 25262 39536 23900 889 34175 27603 11637 24714 24540 405 39791 38427 7370 19960 13881 33585 8427 25814 8373 11600 11768 3687 36727 221 14503
18772 8904 12351 18968 1867 17379 14267 11440 11316 25195 15652 38919 36832 365 23458 37238 156 31923 14645 30154 15841 8230 38582 1655 26641 20219 23461 366 16945 23683 14869 35717 2624 27220 24722 14529 14636 9027 25970 25953 34222 1621 24871 31053 1987 18367 38328 12181 10289 23011 12372 36168 31241 10953 37823 17881 1210 21284 28285 18155 15004 3154 23910 17628 411 18669 32157 15048 27696 18126 1000 21917 29786 35909 23008 1810 14275 21335 24029 34602 4345 36401 30770 5623 17392 38630 33543 18602 29951 21827 36757 4954 35019 30704 32620 35431 9373 24777 20516 37069
12940 31554 29024 12763 37500 12031 14573 21813 33366 38602 16414 7749 35003 17221 13372 12394 25889 6914 1033 15839 38780 7827 20794 33798 38532 23451 39266 7904 18265 29819 15010 1243 21372 4033 14006 28910 16064 28580 10722 19468 37219 27136 37255 32221 14395 20664 14652 283 37617 15685 16122 36396 23513 6953 30193 32082 30405 39497 10023 8669 29315 25033 9912 20725 39105 33957 9634 25206 22536 20356 4673 29792 17529 11965 32051 1961 32630 6702 2244 30246 32426 28405 36679 25976 35358 26871 18057 35800 36405 28080 14507 25720 23150 34457 16482 22254 28413 26116 7460 20986
16509 22171 10778 4075 34137 2828 6037 36804 19568 8281 27049 11993 6723 23727 37969 2081 20635 16025 7918 27078 14142 32463 12797 37293 26920 39317 19546 25370 35470 37044 6356 11978 29253 27172 16053 33427 30000 22090 30230 19605 409 27316 31599 7132 21080 39605 19251 1714 25668 37208 38830 39810 29670 21664 7139 16589 20980 26686 1959 16449 33767 18353 38465 33057 5524 14518 26483 5561 6645 16712 25166 17092 4027 26802 34263 25107 36445 23551 36860 22112 20758 5726 31959 10428 27391 39099 37055 8370 35822 9051 34858 29588 27404 33322 22645 2965 17877 19165 18564 34561
35878 3730 11652 9942 569 15952 5087 37014 39504 11984 19125 20261 17710 11084 726 5100 20220 7819 23509 16041 16870 18366 15666 14312 21725 8348 17277 39603 27514 35842 34163 23391 9609 15852 3370 10178 1842 18495 17230 1345 30479 36355 31644 18227 17476 2408 33365 37696 10227 16873 13736 27097 5276 39441 11446 27002 7788 38762 36642 35302 4640 841 28730 14249 26731 32101 34465 28573 10595 11694 39956 11112 18087 31600 29339 35563 4045 22703 3296 14272 9614 27070 11406 24928 26510 22853 21967 34299 31652 18608 29600 36292 19449 18330 10540 6180 20468 15042 4790 1100
26737 4746 12212 4823 6383 1550 10423 10428 34292 23757 24700 13943 10827 6143 38871 7374 39034 20838 1672 30685 9483 1310 26976 28933 29678 7553 5150 20183 32634 19978 21283 19370 24724 33496 34231 31107 5083 14691 11572 9412 8486 6309 33393 19313 12453 32264 36725 21524 23139 8435 12209 2659 19783 9222 31592 9460 26814 6779 39681 19447 26758 20963 8854 21519 24496 13122 22664 39618 27813 34236 19067 6336 545 12460 25649 23036 14761 32412 4559 7937 846 26806 10596 20629 6066 12226 126 2917 29043 39807 22364 25838 30807 1255 7357 25341 14377 30021 24958 12227
34294 14062 18564 4876 26522 14250 37950 11320 6661 12547 19257 17545 39353 39892 8211 15456 12117 8337 18373 1159 18181 10774 26998 8988 22067 4392 4366 36444 4450 39362 18709 38744 13423 7310 13658 9983 21560 11607 21303 38260 24154 10598 15804 33545 10489 24016 9000 32644 2390 37412 3840 30610 18223 875 9635 290 5267 14001 6771 19755 13362 25480 28537 26785 32790 2194 6805 24388 23839 28109 22647 7993 8744 8488 11575 29271 2541 20575 31952 14970 28024 35792 5579 16285 36668 15214 16575 11972 29215 33384 1765 12614 18864 30302 9436 21691 2533 16242 6078 26372
14388 38763 4402 23132 17289 15977 22440 29868 6590 14391 4837 34614 10182 20454 20936 16887 35668 37511 38898 34920 30895 662 7533 19796 30964 16970 11524 3534 33212 27641 29906 7599 36441 34309 768 13729 10285 23208 3597 16875 37599 18472 21527 17818 38927 2462 4743 34594 10011 3640 39552 10943 14340 7084 776 5303 34092 12300 18875 37341 9978 8780 14977 6419 13126 15745 20148 23412 8990 33783 10324 16626 22293 1888 34445 21219 14389 9225 25850 24400 12865 25401 5380 27205 2523 6156 2545 36615 28494 21420 3993 38473 237 18970 14929 13364 4753 35077 36776 13743
38898 17137 407 21190 19026 34852 12446 33415 4076 38296 27852 26979 33735 33232 24221 36258 9425 26766 2909 7956 18223 6902 16466 18460 35911 31395 31824 663 36510 38637 24444 5444 15774 24851 26634 4837 29740 9117 38252 33816 7412 36141 30832 1146 29372 15052 7441 8834 11855 20389 16790 30078 37329 33257 18576 33239 34689 10399 33902 31198 19074 18346 36642 34848 3196 33313 9722 32937 2429 7973 36790 19880 4113 37660 31064 3522 22749 38506 22394 34605 28932 39184 34720 26260 2477 13295 19499 7204 33733 23438 8439 12806 11821 5081 17691 15018 8431 27413 17992 10861
5423 24819 778 19574 22478 31842 33134 15265 384 15527 9869 29316 24748 14626 25614 37264 37960 5112 4467 1729 38588 12906 24573 10409 28025 2263 25427 36457 39714 13456 17355 5136 38275 18133 34748 30791 20012 27881 6055 20397 13445 25962 19750 38193 10625 5363 35456 8584 20513 9960 10313 19101 32905 34886 29510 20929 7186 24974 27423 6899 8467 4777 22073 16779 32948 16820 7569 22998 14738 23662 13432 28183 19661 3219 36414 30287 18621 31869 38871 39134 11867 19222 28272 4771 14107 27819 35738 31332 12792 23161 38231 31297 37976 30342 8076 961 7161 25683 23959 31938
9345 7428 30158 39044 10647 26571 29330 29268 28478 38239 28402 344 27498 26711 15153 1604 14530 10890 2973 37360 34051 1204 28657 32027 31546 36733 3025 8744 22415 26984 10719 1797 4449 877 10879 15096 27448 10246 4364 15925 8484 2803 26307 35982 29514 1459 7624 14081 12350 10597 11441 16438 21839 97 18502 23422 6867 21527 2204 39320 18548 22961 11155 22997 23838 22034 8131 21324 32280 12495 37249 10802 15298 33594 16821 14849 35053 34483 28931 17440 15118 371 3916 36957 10506 22418 30417 27411 13983 2658 26730 2568 25619 37885 35604 9457 29956 3734 30781 22236
16229 38067 3075 1564 1697 19896 26451 6788 14379 15381 24228 39535 25790 38182 6528 36296 30638 36945 23706 14658 9640 20474 17226 35260 28396 12829 14754 18352 26601 15572 10625 12867 23676 13700 14431 25374 3633 882 32162 18012 26301 26427 17546 12091 24609 34113 18424 25284 31057 12168 39942 697 32642 17167 5994 21037 34 20748 39389 26635 36320 20051 39503 19995 33751 23971 5368 37385 34891 7567 25434 21192 33995 13018 33283 28641 7130 11706 13924 8224 23874 13865 8921 26553 1069 24953 17628 1103 5700 27054 37777 12057 7105 7316 32053 855 1324 7458 38240 36216
25064 33712 17407 19058 6729 20727 7698 13859 2470 21622 32121 36383 35487 1042 22935 36556 36033 562 7697 1733 27617 15511 23828 4759 22827 25918 5614 34189 33377 13892 30404 18440 7603 17848 7535 24370 38575 15233 8266 1045 6892 386 37428 12416 11466 30400 19009 7499 1000 26706 19270 28617 2216 3097 33376 35081 29016 9027 29270 32430 32957 29711 20907 10597 7559 28442 34967 16171 13712 3232 27254 20604 13657 24681 33020 25123 25119 12028 2659 26119 8772 21929 14735 21026 25027 18148 26145 24080 37213 25452 16509 30170 15162 37416 766 32759 25857 5771 8930 39569
19041 6221 30210 32698 30903 23229 27859 16021 5294 30518 12177 24104 22485 26912 5130 17549 15097 31275 1628 22347 16726 18137 22554 1925 15552 23321 34685 1408 39130 13652 11014 18170 19873 1223 10868 20813 34490 8764 6871 9821 9319 19048 33926 31804 15997 9093 9352 1131 367 10980 23479 17093 29117 6032 19018 14706 39391 23740 26152 38520 37392 37166 16690 27303 8426 37596 8115 12953 6359 14987 32813 15678 34035 26738 17520 20070 35831 26872 21201 6235 7890 4679 33366 7044 20750 22421 21751 20140 6161 7902 28698 13590 15106 5387 892 33570 13020 19046 6523 29417
4070 39336 5094 8142 36111 32652 28212 1978 19524 9413 8213 37452 24130 1578 4495 4879 34037 36284 35058 197 4186 23755 23826 29330 29142 24718 22899 2161 13801 39460 31578 17871 8832 6709 26014 4942 9399 14225 16958 38961 33676 35209 36412 17806 6824 10944 22685 861 7228 17742 1058 21452 1496 24884 10781 675 19640 3717 12874 3478 3177 14489 21350 12009 31237 17401 26990 635 1663 3947 39596 35340 39157 6044 13145 5980 16988 5867 6841 24216 23610 17938 5667 35144 12859 26486 5857 32499 30204 18731 6015 3418 33221 27365 15427 34495 4765 12454 35130 6428
16402 4762 11805 25596 10806 24950 31576 27794 30818 8455 22048 24465 26393 37753 19608 39252 34277 25465 1788 34518 14234 7803 37936 17492 5205 23400 11986 20008 35855 17153 36474 12256 31953 8279 37852 2758 33229 39465 589 34084 7919 22637 18548 4349 30428 8194 13639 24704 3696 15427 19221 27968 33268 17156 5459 8510 10593 27483 28518 6447 4635 24991 28741 6625 33270 26592 9383 36537 36095 9973 30620 4013 2647 9168 8363 3112 27400 22002 27816 1133 7466 17074 29102 10771 4267 34561 19281 14861 32082 7798 21308 6754 2826 10049 13380 36097 6678 22763 32633 2772
2773 33290 16824 15459 12495 25187 18571 39895 17226 16425 1028 34730 33499 167 5500 37767 34728 34819 12627 36847 12654 3972 3601 15480 14021 16981 21614 30738 9781 14246 33510 22593 17574 10333 38052 30069 5557 26660 29964 32821 3084 1029 27550 36584 1196 3087 4387 5961 37906 17014 2808 20597 31024 16447 36078 5045 3465 17691 35783 13246 1975 39330 35839 19549 9663 3927 9617 25258 30588 9618 18079 3709 10647 15666 10330 21881 18754 14717 37881 26697 1768 10726 7294 32793 27173 13409 7875 30638 1137 13695 13921 3112 13024 9760 32699 32725 23725 2316 17983 24350
21972 36062 28060 2657 21765 38390 24538 518 23145 32456 37254 24913 3181 14585 27743 30354 27994 35618 31029 29131 19350 4950 2281 32375 24748 34980 35137 8472 7333 13119 32823 29306 19218 30920 31963 983 39347 26538 11539 22491 18994 18830 17442 22175 33415 15222 22567 31446 20878 13595 30615 227 18545 2933 2639 3292 37913 37777 21803 5246 10895 24663 4589 151 15582 36552 11172 14928 23089 22711 7457 12120 1541 24899 34296 4993 10158 16862 36440 31036 494 37092 31264 19040 24 33903 32370 37937 1716 24210 13220 22650 8872 27847 22801 34492 34436 33973 9420 27563
26721 16877 39683 28262 11813 33978 3293 32009 20877 39733 23045 21372 36824 24346 10449 6885 18248 12856 14859 30003 37067 38118 12652 15976 25964 5490 10468 20400 9500 29926 7962 36221 16840 7644 34521 28653 11660 37814 20661 32537 7583 13743 23946 14444 38089 34395 21329 26375 17289 36188 16377 14355 34305 39067 368 30307 4556 10836 10706 24094 761 28706 20314 17601 36350 24872 16291 18047 32723 6990 10584 305 20733 34530 24787 18822 38963 16153 5196 16251 12341 31611 643 16683 30677 1011 17027 5270 11848 27733 29364 22647 26476 19715 248 32864 4587 26577 10910 7347
33567 31532 17691 24338 26062 2477 13197 35062 18631 28431 11312 1009 20041 11955 27730 20755 23004 4757 26025 4889 2527 25426 27537 39042 5140 37823 31905 19765 34437 2814 27113 28004 34347 14841 22379 30446 17318 35576 25507 5986 24006 6856 17033 14084 28849 14801 34839 11852 29596 30901 16742 32123 16326 14316 31164 21466 22176 33106 11269 16612 35921 38382 14653 304 13222 37032 30750 577 2644 26294 16602 26650 33150 33635 10771 32036 8435 15647 3887 8068 6547 30667 191 22873 15020 1392 14377 37196 4536 25646 13808 456 34065 28461 10798 17324 35531 11585 17901 38175
37879 4540 34863 1065 8213 5633 33101 26686 21281 7025 34755 27828 37693 4983 20739 22750 6375 5153 19946 10911 30799 33754 21405 34901 32252 2240 12224 37820 13825 162 35995 11703 4703 30857 12768 12916 6527 15906 9639 27808 22932 4393 25674 30662 9376 16450 13411 25790 21603 33357 6738 22439 37148 28144 17339 39438 421 39601 37257 14247 9800 33251 25950 14503 34145 8756 37457 672 34700 7096 38518 17631 21527 34229 8292 30904 10678 21704 16693 2318 25098 23431 24757 32284 21612 12133 31721 22034 21771 28977 36281 31572 32266 32268 16112 36448 11061 23607 7157 5761
740 5675 23392 22267 39904 1722 13170 20620 33464 29863 22938 18561 23332 7695 20882 4943 29866 12602 26977 11637 11617 33295 13246 13920 25563 29358 10367 36624 12964 17525 2384 23742 33238 35815 6009 33141 37537 19179 23798 1037 19080 6736 19598 2411 24469 480 7354 14334 23120 4369 36009 4774 37664 9254 18694 33264 8650 39100 39926 31652 16624 2309 15394 19899 8161 21403 23077 15735 10619 6875 16772 39737 13611 6408 2147 38080 6888 19540 22451 45 33947 28498 4820 31610 7789 23514 34912 16439 22613 34837 18129 9274 7183 33523 29173 15345 24963 22288 31080 5619
29163 7852 5356 2773 14260 17541 10890 31186 37081 3378 1268 1064 31876 6088 32675 39666 39641 37624 26142 32291 32460 14308 11603 39643 17868 10813 14987 12868 33101 16105 18488 22263 23957 33882 35074 8254 11422 16001 39440 18541 19380 10745 19605 11255 16834 22317 20958 26512 19940 17138 18802 12399 31446 442 12042 19352 11256 37067 32220 4356 13171 10707 36658 7165 4588 1768 15419 26049 17770 24896 4589 37150 35642 34232 18442 22513 16549 9438 9024 36489 26576 37864 18926 28059 38307 1005 17448 19600 8109 9668 23956 21281 30413 30651 38484 5039 32420 13903 31088 10189
8836 5714 17376 14515 39946 35818 37028 16494 5255 16089 23021 1868 13953 11984 39966 22297 12989 27451 1896 21098 37119 35890 12416 37570 36579 10900 2608 28998 34841 3733 9224 3676 9447 26600 18192 19430 32455 25257 5962 7748 1346 28983 9616 25337 11004 19619 17671 23993 7070 19567 5090 14226 25494 27545 11795 22072 38445 24441 21107 33285 28174 30331 6998 7658 16930 35228 37127 9385 20485 3088 17133 31869 2108 36787 27243 13112 26444 4913 7142 3551 34518 22270 27815 20011 9814 39611 12121 8258 34089 33228 1542 22263 23559 18579 39959 10526 13806 37085 29949 4328
10210 17119 6234 22356 23944 33477 35468 20425 8427 2609 23976 2944 24880 11790 32994 34694 21438 5114 12990 15527 8379 24570 7827 1975 3148 17823 22540 26993 24946 12488 31321 35156 39646 37556 17512 23589 1069 23017 14051 9497 35665 38027 22479 20544 19854 25510 25275 11330 661 8302 36895 9041 32873 4721 11016 6058 32582 33556 33051 17527 16082 24372 22721 15727 31965 232 9353 33034 33287 23404 12568 28951 31468 35048 19532 21359 20557 4807 2726 21219 23147 39621 297 16019 14379 11313 22078 6961 14907 15128 24488 1026 9537 7208 16753 1501 17478 36144 34536 10765
29585 17141 39716 31090 12188 19248 12448 2783 34093 25213 24002 27277 24833 24299 3296 39213 5649 35412 16211 30594 20577 10736 31620 30115 17945 18410 31616 5460 24591 36189 26263 14175 13330 36017 15302 35556 25302 37789 38339 19394 23001 32378 16708 7833 26714 20004 17083 2401 15415 33294 32995 6030 4030 34653 36145 32013 13062 37798 7510 7691 4024 33774 21866 27392 29790 7206 22947 15091 4994 31324 4522 27995 23701 21230 5865 10415 11272 22949 12816 36725 26280 15848 2754 30310 10500 38899 32360 33601 36697 39871 1291 720 33644 33195 28112 33471 400 21096 8561 5394
12419 13083 3426 36121 4350 19330 16573 15622 12316 39427 12347 38596 25312 15101 28906 35813 24038 31303 39451 30772 31173 741 1529 24816 33936 39679 18286 4374 20774 36885 19806 3231 20005 33271 9389 24356 12600 25962 10015 24916 35426 22362 23511 20737 7501 22454 26587 1576 13757 26037 32348 4929 26778 33877 39784 30752 33555 28107 35126 24366 24992 24969 27597 4996 18239 36986 39390 30839 32985 9405 25792 28410 1804 9303 19185 19343 1794 5771 20919 15551 31809 23304 30519 28624 27218 30302 19375 30810 28446 24538 15176 13437 19545 12810 28472 37784 19834 37899 38661 12818
17341 24452 11266 19146 33755 30451 8526 5587 6259 39484 21138 38068 22787 21694 36730 10005 11995 16104 814 441 10680 26028 23916 30225 38839 22425 38046 28710 20324 36706 1527 37665 21158 22831 26848 24950 13281 35375 30537 19541 4895 21713 27646 27682 3406 24375 7724 25440 10517 18577 35919 31235 14642 19834 31497 23518 2259 29542 12227 32621 36286 23793 30285 17443 6623 17133 12430 19905 22545 13005 9483 27440 4755 7166 25159 18199 31542 2921 3638 12096 21498 39557 3330 6177 29429 34827 29696 1725 34406 1922 34346 30691 25715 34668 18171 32339 21838 639 22281 4382
13644 1801 31822 28437 8967 27019 6635 10546 29940 10274 22642 21475 19868 25972 27652 19334 30836 17347 21059 25242 29308 25442 25970 15022 20110 4141 17398 1947 4780 9716 16368 28462 11517 18227 16898 30523 5245 33571 1068 35185 3844 23711 26697 33751 19720 14349 13084 20594 31696 4181 5835 31041 29623 31805 6063 19770 5983 33499 31756 10763 13253 8123 9262 24770 26350 36198 25330 31596 29769 26399 36818 3650 20147 23515 37401 9904 37864 10485 30498 39597 24704 6370 30638 14326 38176 6738 34097 14196 10274 25852 34998 23527 4012 4259 18335 30362 457 3664 31995 263
30063 38851 3913 20247 22365 1314 30152 30266 21837 20649 39900 6540 27020 574 30904 35233 7312 35038 9428 27625 30927 14463 11151 34939 18723 39524 35339 29218 3188 27333 39519 3288 26183 3431 23536 18585 14783 23725 8850 36620 4373 18788 13197 1430 19362 14139 36663 36713 9176 16129 24337 103 30592 5525 5079 19352 15087 417 18607 28313 27751 28163 31601 23971 31595 25174 2556 6377 18936 21444 13035 23310 10269 36270 34778 29632 10408 31441 36382 19585 17607 30756 29726 18236 6318 34805 7626 21405 5260 36271 9717 3048 24434 11356 27019 16028 36530 39613 32443 15466
31095 5477 8813 1363 1747 3590 1032 22193 5068 7451 1777 32713 38207 1540 20987 4525 36346 28613 35968 1605 24883 5685 4653 9316 17041 1709 35382 23608 11360 27825 9111 2454 3339 27962 13855 15124 1590 24926 37318 16696 32377 9132 19447 621 10673 433 5146 7018 29046 1113 18661 13928 16836 33352 33283 3914 5098 28664 37561 16458 16488 16709 28950 29866 14709 12843 4989 16299 7806 2306 3032 182 11439 22479 803 22112 22912 15987 39168 21995 27139 27866 35924 14012 21217 39244 17927 36353 27907 25525 22849 14433 2233 11798 4298 26980 34679 9287 3278 2484
21632 16349 12705 33071 38828 13508 25220 31778 39534 34425 13772 26672 22290 19733 683 13544 18976 28648 9896 16921 14172 2782 1391 26444 14581 5689 13423 19297 25014 26740 21782 16683 3088 4524 19791 11953 18032 5010 3730 17565 9472 17503 14274 31762 37236 14958 5305 26250 13643 25240 13208 27816 28022 14599 24297 12640 30326 7757 1975 25377 34497 33795 2060 7622 38319 21851 19576 16350 36900 33344 3953 6371 10846 28265 8171 18120 13260 23514 14407 26904 18791 27615 24757 16851 2213 19091 29491 2576 26848 1503 27953 31383 35298 30013 39005 33616 21902 28618 20004 28839
21962 33995 5247 2845 22259 13418 20965 35520 36933 5409 32461 25761 33024 17217 2611 5274 36308 2140 7850 33193 3643 35804 24575 38942 35854 23580 2594 17755 22235 22598 6593 4196 26630 11841 7042 18927 35297 38045 24484 2266 3454 16944 28028 6515 4198 30639 21828 10543 32779 29678 3735 36423 35519 28311 5401 31373 21928 7995 19165 4162 631 35797 8359 27261 17675 25439 16225 12971 23483 708 15238 36975 27690 3265 3490 31888 3941 25318 2430 36721 25033 16204 33143 20552 4514 38544 21962 36480 16576 11164 641 17207 6960 19038 14506 24635 14514 30731 7644 8035
1477 22882 5009 29167 36185 18537 21055 125 13892 33523 6883 8963 9726 25 29515 24278 8606 21514 20757 35221 32678 31437 22465 9676 20512 36971 34311 35027 37740 11992 3061 9254 4911 18108 38421 1095 36646 29513 11259 20575 23036 18142 29538 2799 28206 29090 27078 6849 10603 7834 2069 13319 9308 24535 22995 29821 31543 27343 24847 39320 9373 37946 8573 14284 16053 17032 15380 22736 6544 36677 3311 39618 14818 32849 2417 13061 21939 39533 19911 2579 7366 32018 15898 26713 26590 8930 16533 28171 6311 11417 37528 15684 9362 16139 29968 35453 33171 15385 18189 9752
12061 21500 9370 26880 14348 21825 9978 36287 21357 29889 38867 38761 31945 24802 25473 18534 33733 2005 16742 10081 13422 14270 25765 32822 30409 25770 28275 23579 1155 6463 3368 13216 38001 12738 10133 12348 4600 20112 18673 25957 20038 27577 34756 11982 22416 20228 554 16148 32272 17296 36267 15731 31566 32069 8553 32012 17839 6865 25628 18994 23366 28997 32210 21366 11772 12381 3751 16373 2530 32462 12367 22568 20038 17160 4588 2454 37389 15180 28640 39698 2513 24907 15428 4117 16975 34019 36129 4851 883 21757 23845 24249 10753 26093 15652 32563 38474 19404 8935 1003
11865 31341 33609 1941 8500 8234 4395 15926 23414 3072 15623 25928 38017 1089 82 25030 35108 36211 29881 35992 28005 13726 30278 38758 9856 15968 31321 8329 5409 10293 19370 17274 11671 12978 29253 30210 31251 3685 6135 14664 6758 21759 10629 14812 22848 10711 39842 27993 16960 29723 34022 4964 13486 34338 13760 23342 10305 15118 1708 15714 25411 21078 3025 7120 4093 32279 37330 35344 35964 3464 20046 12759 35261 712 27572 28146 11424 27413 16139 38422 27173 20198 3385 658 14535 17145 34038 24840 32263 35746 553 27712 26861 13617 34832 992 5895 32161 36336 1858
5662 26419 14618 10961 27132 2189 39107 8593 39640 25283 7014 26813 5481 10399 37509 30054 37583 1584 14894 29845 37330 25485 17556 34229 39102 12387 35221 15034 14585 1593 26931 20248 28013 11586 31209 25182 23813 352 3812 23452 35674 10826 20302 11192 31263 27849 1245 28845 29433 26177 18690 36800 11662 6283 31028 20801 18671 36286 5873 3293 37880 32804 23541 35930 4389 24787 21111 28202 35178 24923 21691 30851 5786 1993 2042 37049 29842 13325 35932 29312 39503 24659 26111 21202 30942 27177 12040 19650 23462 17913 22944 21341 20754 6484 17270 25143 1309 8418 23382 36487
33341 5073 37375 9164 17104 39417 6213 16983 22779 12182 6294 32319 36841 2442 13520 27782 29619 35599 7432 13081 13511 30376 4459 4303 6897 21730 29446 18244 185 22866 14730 33527 27939 12104 2690 15080 21558 18941 32063 14375 31123 38357 6693 38001 798 20214 25783 455 25850 3252 13536 9398 3665 17995 13701 20600 9762 3147 38845 9948 26013 13574 13512 23989 35717 26240 39069 27312 15219 1168 1686 16379 39525 18418 14380 10360 8669 10200 10815 34519 23490 34389 3916 27155 22422 17618 7754 2221 30803 6598 12169 26853 30211 35719 10841 35965 31997 19947 33314 7215
31153 5038 33632 30677 23456 18049 11074 32125 28249 31928 26643 11738 26316 596 8930 18775 18214 26723 20997 9016 33321 3203 35869 33569 38923 16747 39571 956 6731 32885 18209 37884 7960 11840 38598 31416 29890 19710 33578 28176 11637 30258 9952 7990 30854 18882 26766 19106 5604 17800 28122 8963 21003 34029 12569 29963 20813 22178 30919 37583 15062 19165 35466 33060 31006 4101 24475 30933 23811 28090 29146 5485 18347 39098 13475 19238 28018 10278 38344 3659 28078 26466 22660 19119 30532 5267 9081 21382 27445 10038 18964 12544 29203 14430 5603 30246 18531 30078 21178 12379
28205 20362 17864 6551 29497 1376 25789 27552 21693 24133 31212 19808 20636 23909 38927 21205 29176 8008 2586 26658 28084 21551 39202 17286 6018 4804 7532 34587 4919 38748 6965 33124 19109 34867 9712 18644 36243 5539 6195 27973 29672 37407 7781 20345 31354 16745 11587 30567 34791 14173 17225 22874 5761 16426 160 11779 31269 17730 16403 36188 16477 23368 39350 5624 28272 9061 24268 24515 14600 30463 22525 14309 37908 343 4691 39299 17089 16278 29865 11879 489 7089 34754 6250 33554 4951 28068 24822 22681 4470 21009 9195 27839 20358 14819 16110 39458 9124 10662 24095
9625 3225 38405 17570 3568 3095 16868 20657 29412 6732 32537 29901 23860 37328 36151 17413 2278 24218 2234 34997 38727 33281 4191 36603 23677 29049 12712 33172 38173 33413 17266 17835 6675 15670 35405 10243 28804 22310 938 18215 39081 3512 8115 22940 839 14303 10390 13155 8559 22662 8151 7285 25980 22380 3887 19694 11428 26637 12865 19639 30087 30132 37474 36762 15839 2916 17043 14680 25226 17981 32895 34344 21493 11047 27321 22332 35389 7748 5524 3947 30410 23713 21270 26428 6092 35195 6121 17521 21831 18987 7197 11918 19156 14708 18717 5032 17624 35760 19713 12888
23778 22645 17269 5270 3730 4590 37640 39119 12338 3163 13103 12786 36914 4410 39214 3006 39605 5334 30565 21435 34359 37762 3390 23552 22507 32146 28585 10169 37943 18335 23057 21721 979 10363 26991 4709 14953 34669 13865 27292 37832 37006 10115 4783 1415 9328 7789 11057 24700 8391 32493 29097 6152 5920 12648 38697 8103 11270 8865 6046 29605 1959 27767 30585 12323 24795 5331 27276 19463 29235 24605 27333 26240 34720 32116 37694 14085 9942 8750 38786 18333 11280 37920 34523 27239 10567 33219 35342 31876 2084 11425 21480 4043 9229 22102 26404 34025 37472 13680 23525
26706 8322 20895 22983 13080 13010 20676 27165 32990 39465 35988 11322 10744 33907 5844 37983 14512 9101 3362 6387 21223 14787 27867 25266 24017 20007 21708 28079 17478 5425 11603 4183 13747 32499 27166 36865 15546 17880 24030 18574 17344 30055 39934 38126 34000 15816 6146 8511 24917 9508 14898 6139 34333 12802 1442 18349 32809 23150 16465 10286 28575 28069 24507 12360 30605 21711 9224 16188 39591 3291 4799 26972 33347 4733 25097 27346 20549 31243 5894 5465 750 20792 21642 35084 3631 23084 23470 36441 6234 39936 16764 4846 38042 1271 17206 38684 22982 26431 24909 32610
39760 29709 19581 3143 34442 4677 526 14990 35921 6420 30493 6708 37250 12134 11829 881 35218 5337 7359 11489 15310 24123 16336 13351 35432 3579 22072 28451 47 6980 21060 39808 6726 10678 2950 11205 15356 3477 36233 21314 19935 26725 38060 17185 38859 19927 18066 4114 25264 25425 25641 10611 19585 12014 34000 15017 15594 16071 13505 15641 33089 4603 15448 39816 15281 28437 11020 674 1951 7253 32026 21886 4015 123 39071 12912 20050 27174 27064 15351 22636 12704 25962 2221 24719 19961 27276 312 6069 780 25991 39158 5383 11477 9010 30703 39914 30069 31377 11902
37322 33441 33788 11374 33564 2896 24286 23651 107 11349 39002 22744 24054 35001 35003 18810 24999 22278 29160 31068 33096 25188 262 8517 36665 19311 39220 6615 9379 633 18517 16738 34074 22343 28112 27637 35277 12398 11287 35384 33785 20326 18127 27876 25364 13129 6685 10362 5444 5882 11467 38541 31071 21768 17095 27735 1078 16314 4388 10457 26985 32943 37233 21059 15285 25344 18733 20599 7779 58 15983 11602 20384 4147 39478 5748 27315 16201 26148 32759 32121 7653 1336 23191 29421 18431 20964 30499 4782 25352 10993 1805 28332 8225 22864 3617 3606 11634 34254 21424
11692 10236 33026 2114 24422 32503 17900 11736 18741 14085 14532 10862 21738 15869 4090 11158 4337 25054 11694 19158 20443 32725 31001 8775 10987 13864 22430 14594 35536 16683 6055 17266 36958 39081 29418 21379 1620 17355 33115 30400 31440 17684 1261 13178 3590 5351 34374 7928 443 16106 37124 20886 8830 28124 39699 19818 12025 32166 4449 17598 18887 10504 34864 15844 19622 34319 37223 21242 11673 374 11641 3113 18058 22940 26329 21649 38330 20702 39615 38773 36808 6775 29696 15676 4936 29395 35494 26999 31598 9980 4596 10484 30522 9498 26328 10143 3816 33588 1422 15490
3999 23102 18603 22058 16079 4931 13744 14408 35671 23396 13180 2516 208 2876 18192 5144 2308 23723 32143 33906 3740 6776 4390 34262 16274 755 14442 20091 34344 25902 5618 38343 19041 24221 30438 35121 39190 14219 19566 4897 37615 2784 7413 37823 15698 35643 13004 18006 19365 5146 21949 23105 11923 36377 27404 38235 37133 1845 18325 1513 37786 33981 39856 16826 18201 331 21984 27428 24588 11588 2363 32241 14372 19814 100 30070 15457 13105 18113 34822 28289 10099 27965 10249 6476 15368 8484 3608 27252 36847 5121 35075 30828 15014 11900 19066 25383 3922 16532 9971
25548 18895 2211 39920 38709 2311 26 14165 15416 28177 19025 3705 38276 17027 23992 4751 32395 32476 18397 29684 39361 23518 24758 30188 8570 6696 9253 33953 20656 35823 3923 6203 14717 16172 16160 23464 18484 26224 7666 3937 14400 36729 17680 22713 13755 1672 27465 16188 4185 5861 5871 3545 39418 30630 33733 7987 7363 13024 11977 28019 8846 15901 4259 33602 32073 20419 27103 20594 16680 34769 24532 31080 31498 2211 13792 5252 13921 11294 21440 18107 27194 37350 21652 36649 38017 25423 14673 5379 8484 26650 3435 17330 12588 7694 20969 4661 38151 8071 35293 14830
2840 19824 15947 4375 32074 39777 19665 16032 21109 11143 34139 8302 8492 25829 14988 6508 11251 29661 21925 29773 16310 25360 7102 28899 3091 38110 3597 1241 6180 38890 26109 19058 28752 2055 33471 30863 1831 13136 6894 22940 24279 11071 1279 2808 36900 16267 9316 18188 5927 1278 7960 32276 36676 25100 31212 39767 23209 4846 11045 39428 3735 37154 28523 2524 39209 32032 3424 11077 5167 10319 34018 39484 31428 5334 2291 28327 21602 21645 16552 37567 22923 34550 39880 29636 29687 31091 29402 22934 35937 446 22361 9710 7637 20921 22272 16883 12952 25697 27960 28157
36016 32015 37678 27443 37350 10006 25807 18951 31651 12396 26555 24611 6945 26435 14246 36632 27563 13685 19565 33538 24169 11963 13285 31806 2922 35557 8688 25912 21253 6686 24107 27306 38701 21784 24786 36050 31791 20630 25038 33479 33026 21631 28128 10008 18103 2373 6640 15703 26097 36243 9240 10265 18244 22525 12109 21166 18082 30835 17115 9372 37521 1221 36679 6259 23006 21464 12346 24834 2094 7422 18312 5157 29053 6439 15166 17193 18851 31844 32896 4947 38124 2136 25250 16367 34699 37359 7570 12780 38232 24686 22153 5789 25907 28869 12048 18950 20370 34433 3783 32502
1854 22096 37660 944 38573 12825 18137 17423 4668 11032 32408 2791 23206 17658 29197 17905 25054 36767 722 33323 31490 32913 39113 17397 21781 11160 6384 2151 5592 10168 34653 17484 2301 2349 18428 873 15174 36565 18297 29880 17635 10704 2709 840 38400 31906 18745 33492 38710 19468 26814 30200 12380 25926 17634 4199 7124 24018 16388 22754 4223 21078 10276 6524 23428 28704 7398 38602 35307 25695 38520 12941 6436 1228 23819 14874 3171 12602 8365 11918 32070 5216 2117 14487 1180 29789 28724 18342 23845 5111 1095 28068 26190 21409 34593 9617 10113 1990 18256 5419
37723 26813 28398 14196 28041 12216 39108 1249 24818 17510 13168 26925 22727 25323 11450 23907 25150 173 12286 8994 15323 23419 37062 1512 4828 1691 21167 14941 3681 39423 30398 11441 26236 18795 25638 24314 1048 34783 35602 35905 12293 8769 32867 35020 4129 4316 28964 29279 14528 1249 38273 29851 24668 5372 31363 29496 7063 12529 14474 20783 21989 4871 32224 18262 33704 27899 12614 4790 22682 8215 10732 34975 27022 3598 31 31151 7915 28995 30468 22443 281 28740 22331 34987 4149 13693 24483 11213 36260 8994 31996 28286 23904 34257 16586 17607 22156 29200 32435 14875
7452 3166 9849 34474 6765 19918 35662 24718 18950 26129 17198 19231 14869 39529 14217 29056 23259 8737 268 19518 27770 32264 17841 11673 26521 34427 39318 18714 33664 31753 33589 1115 4956 13475 35589 21759 33393 31251 6476 12342 17379 23674 1610 2285 33240 25865 31342 16498 4640 1647 6053 32410 3949 23895 14120 30470 28359 13437 19221 22023 15227 22847 23138 20184 36322 18727 1942 39752 20015 18457 22131 7431 12168 23741 19755 5408 19643 11096 31944 24283 22781 37998 26730 26730 31930 849 27237 20288 14287 6457 12348 39552 29304 35487 19735 35663 24251 31716 35414 4265
10172 17544 21734 32378 11322 1488 37786 30966 22622 29730 25286 5403 37765 12016 32133 39732 22903 19370 30057 7227 35865 2405 6779 25169 37892 26514 20831 32180 28267 16245 6482 8476 3826 28216 854 15149 29705 38640 6114 22364 38407 31400 27767 6208 13453 19900 5939 36357 9307 35997 3583 5171 8439 10362 30340 6330 6914 21209 8547 5218 7491 15029 13695 11317 13282 14549 36504 13024 23226 2617 35389 31671 4055 23155 7916 17508 13092 13856 13864 22399 19890 27486 27571 28329 7885 27948 4696 14799 9156 23281 30056 26685 8347 3750 38003 21629 28337 34506 4691 11562
7161 79 13270 11216 33272 21187 38762 6364 5080 12626 28763 35008 10149 16333 33374 18034 4281 38070 2871 23475 31388 32927 10160 39735 36677 18200 21363 25013 12705 26054 6612 29904 36171 29921 1119 29443 11107 39882 35807 26225 22545 34607 21232 2731 10940 14605 20765 25259 22712 23636 8733 14099 26600 28931 13833 23276 7130 5233 18326 29874 1325 34977 19777 37496 24897 30935 36976 6041 853 2819 32266 23398 37427 13497 36167 18404 38140 16931 13700 20851 10605 32471 4987 37205 21402 28858 30519 28532 34091 18882 28443 5453 13858 8220 12987 8792 39155 9962 14833 10045
12782 7098 3480 20246 30633 39647 38650 28772 16577 12349 19660 27182 4819 34685 34425 36259 23542 24943 24791 27671 3824 13233 33124 17683 31491 6110 36513 682 26111 11346 10727 8930 28482 14207 29176 19115 13853 37863 17924 468 20249 7622 37688 25068 2306 32112 31365 35887 17054 26193 23557 20879 9463 26718 8599 954 2866 15149 11674 28977 26495 22402 7944 14977 6646 37120 4129 30538 34982 32091 31006 15230 39713 38731 10335 12057 30843 11737 7943 17934 37930 1537 38813 7393 28255 17449 8347 31121 32599 30059 30135 29131 12460 38079 14145 29145 5235 28312 19682 216
20403 20725 25484 30153 19455 5857 2209 10297 17594 20190 28232 15524 21727 37082 32955 9982 24569 11339 11140 27205 1397 1275 16335 13858 9391 518 13040 14627 28830 32722 14843 19270 13446 10365 9423 2938 26260 21670 23274 3853 1860 21543 29415 23587 18624 22369 3606 13230 33708 14747 434 5143 26060 26808 19001 35451 37364 2078 10077 26193 34800 34959 5463 18283 5323 24924 21221 31583 6593 4494 5473 8453 26037 4926 32041 14699 37333 5684 37967 31041 20431 8439 36184 6490 35247 25222 1941 2647 27300 22056 28840 32137 17014 4340 10419 32375 29264 1677 33995 35858
16210 39469 14348 12284 14432 16426 37021 11764 22111 34988 12842 2541 3426 19063 19070 8710 14322 31049 11357 11659 13104 10234 3795 30119 14575 24252 32531 13876 35968 26526 19771 12177 36032 34120 24461 10463 10545 21482 22227 2693 16469 35070 15273 29933 14132 34343 38643 28455 35429 20037 113 8532 30271 13947 8688 14883 38199 11257 28760 34166 37783 8530 16380 33814 12687 841 4276 33271 32361 36541 35964 18867 1647 11236 8799 25818 15616 17479 14272 11044 37516 24423 29615 27786 8407 8340 2669 6606 19597 1466 10809 27417 20034 37228 21230 32722 8106 35544 25992 466
2122 31993 29371 3769 13267 8207 29587 28883 25686 13896 9965 33239 38320 9617 31062 16764 27995 33731 23370 17630 5234 4217 5046 25269 1444 36315 28028 9550 1895 14019 20054 4017 16049 19462 17825 29316 27669 7411 28237 23392 31346 8239 16630 39703 27894 7691 16466 25926 11460 9874 3555 16694 14091 18640 12000 25573 24992 27 5160 36925 24084 35252 10980 133 14713 28805 39487 2381 6253 37761 35811 37599 5999 12440 37301 3930 30169 13767 29857 11666 23641 3449 28361 7769 32127 360 33342 27156 10426 8539 24081 34510 3790 35061 34643 28541 33903 4167 959 155
1927 36770 37755 17965 19247 35055 31933 9415 18859 21789 21082 2499 35277 19480 10268 37441 29878 13647 34635 303 22186 28753 4851 25976 33851 39494 14516 27753 13698 15475 27908 15626 22282 35700 3628 1528 792 35561 20982 19651 27388 2063 22151 32702 31581 2456 30142 31496 16104 34814 31800 38290 23566 36651 34304 17416 6181 18857 5168 29918 4370 3114 15581 26652 8851 19209 28181 9643 24807 19200 39333 12194 21263 31521 4895 22881 33977 5075 14376 10080 39889 16213 18408 23455 22901 22749 870 39121 1605 16077 29038 16013 19191 4618 2665 28042 33865 883 7723 18671
20083 7055 30866 11383 38576 5798 4301 2589 10873 18677 22708 20800 4928 11153 4254 27829 33902 15162 26949 5544 31239 26024 21558 20467 30642 24223 18547 24506 35144 36308 13215 25264 3362 4080 36647 11975 9878 947 24602 30790 29662 7309 11589 34590 18462 25881 32457 22401 11080 19405 27946 12357 15467 9503 32824 6108 3763 21408 652 38907 17715 13867 24170 31115 27985 30854 13127 7900 1838 37730 8727 31500 15076 30354 36128 3576 16234 28584 25977 37353 7988 13922 9709 23455 23425 2532 39602 27188 33979 10291 36132 11693 34196 30339 2808 22180 21192 15935 117 23030
23702 8845 24568 38779 39199 20695 2354 25471 9278 38369 22823 27304 12291 32532 20797 5753 5101 20398 2979 39080 726 9148 20811 34922 39488 33657 27139 20679 9591 27256 13747 3331 6138 38315 2109 15375 19009 14501 10883 28287 12869 33706 25628 35198 36275 6424 10989 11413 26822 13968 20531 37586 23116 1341 32507 22603 34998 29683 13320 14626 26977 27067 17957 3152 35419 30104 18527 14427 14642 29410 12751 37550 33153 38379 32747 39465 4803 3735 10878 1662 27741 1446 39249 10857 2787 1792 3497 7822 1513 16817 32486 28490 13921 20481 31642 9339 20622 20207 33804 35265
9616 6554 32814 12807 14971 35598 12271 19774 9371 33187 31474 37112 34633 759 18006 7457 12590 21504 15279 14103 8358 17803 12630 32318 38284 14309 1656 18905 34516 5498 24207 14170 22090 27058 26977 37061 22656 9285 26872 32027 2472 18346 39176 37105 29143 17182 4562 1732 38686 29879 25873 17081 7681 38503 9398 16002 12812 21093 4945 17365 26591 29152 31535 8680 16210 28549 15779 8903 37835 2650 10967 306 31034 10142 37411 20177 27324 12010 31947 36047 1889 17820 13128 19608 16322 32564 35611 39172 13656 555 16537 10284 39745 18109 29003 25992 6658 14819 34895 14530
17469 5861 24874 18541 16004 22284 38718 13365 4332 701 9412 6221 18521 22540 25829 34844 25141 21439 4052 8835 32032 20589 19119 31777 8736 18159 17768 15394 32978 22701 39962 20485 28562 24835 39026 14603 17156 7780 38007 21488 8481 7418 27709 27003 39996 23576 31884 25136 15052 35936 33971 7084 26563 23128 8898 35299 11324 26666 20730 14340 19404 20691 34825 7966 15563 3887 32607 32719 11667 650 14207 30186 8068 11953 17188 18101 5566 19109 13275 20619 15045 7245 37741 11645 410 6638 6943 11735 3341 37711 36113 22746 18401 30937 749 33964 34824 3393 36720 16528
4044 20964 6713 22150 32918 33940 251 8521 13048 13526 29140 38131 30809 26880 9775 1257 3555 26756 12992 6897 24466 19142 39681 12904 10078 429 16905 14939 13860 13625 1504 17904 34589 8217 54 37544 2156 10343 6065 25243 23869 5242 23373 24715 2160 3186 25972 5715 29942 9001 22650 24446 28143 22330 37350 38221 32797 24293 23197 6657 7955 24701 24561 2543 2956 34653 10125 5112 4995 26228 30355 38902 31470 23766 23617 33630 26952 9588 39346 26931 18590 21995 11376 6732 14363 18764 14991 7159 3056 8225 13816 11011 32927 8415 23592 35883 13105 3754 11032 28139
29982 11425 27040 31490 35191 20694 25119 32180 30283 34502 19110 18910 26535 30487 35680 897 9250 20708 18094 22344 28934 1948 3392 31898 10363 37022 37818 33506 776 8849 21644 795 30312 18722 32285 25502 39416 27442 17681 39736 21943 6829 28683 18515 37316 24363 29450 16603 15108 7544 8984 4041 19530 12376 5976 39931 19435 3793 33436 30249 22681 25118 31045 12992 3839 33367 8532 13292 20808 36251 23066 12789 3079 11748 31304 10432 6148 30792 27035 21257 38336 6056 35336 17865 28470 1312 17795 7905 15143 21268 38154 37824 6385 39236 20854 20262 32603 39424 33555 23448
35674 16620 36237 8791 38406 37579 19223 4554 28370 16296 35849 36743 22352 31184 24645 20860 2533 12477 28765 17677 33745 36956 25538 130 6229 6391 20392 8869 5814 23984 32317 11526 603 28554 20317 39010 36170 9577 13601 24539 25873 9449 21281 18263 10670 5925 39123 23242 18402 37925 918 22184 4917 36494 22314 21184 2885 12744 30053 18737 6765 22370 30263 7369 20961 20617 16416 17130 30195 54 11706 26105 19541 32987 4367 248 8949 13527 23490 27351 21489 34446 19572 36445 30940 1886 17628 3862 24668 7681 22599 31433 88 22900 8839 21049 3516 35293 8216 3748
5384 19922 29854 24925 12908 4258 25174 21857 27824 18701 19245 19350 13147 38817 15794 14124 10740 33423 17986 5445 11141 10622 6916 11229 3559 25793 32278 17114 31124 493 20862 36508 20415 10715 21433 3360 25012 16644 35255 12835 35345 24537 32185 18529 33391 7979 32653 14169 11439 20676 19614 22580 1336 36568 3846 4895 22361 36124 22009 13484 6654 2871 20029 37107 23624 11499 466 18673 28143 5758 31508 33526 30295 33731 12054 23685 11747 14745 37854 33224 35421 27506 15803 36757 24073 29687 11690 16471 25810 33699 29955 2501 6607 20022 39608 269 31521 10111 18942 29702
