90 95
1660 979 1087 535 232 158 4000 4000 379 1662 1860 737 1883 892 122 1392 725 559 1926 1731 1100 966 530 1247 4000 36 1278 4000 4000 1407 4000 4000 386 1044 4000 618 759 1028 1327 695 4000 4000 4000 4000 4000 1111 4000 1919 1671 4000 1649 770 1525 4000 1574 1596 4000 408 545 7 1816 501 1459 201 1102 1002 4000 4000 1587 1704 4000 4000 4 1101 4000 1640 212 1037 4000 1440 38 4000 1767 1121 4000 4000 716 1387 1749 818 1394 4000 877 409 879
4000 969 812 4000 555 515 4000 4000 76 4000 1906 4000 1494 4000 831 933 4000 4000 256 1659 1209 1596 1933 4000 901 4000 1547 1579 741 1514 457 277 482 1270 4000 1037 1342 1411 4000 1419 692 1331 4000 4000 1831 1523 4000 1926 4000 931 1142 1441 84 1074 4000 4000 938 1141 564 1680 4000 578 4000 693 1405 301 1730 747 1269 4000 1723 1962 4000 414 1704 1430 1494 1937 912 1726 4000 53 724 4000 1127 317 1494 1623 4000 4000 859 4000 4000 372 1919
4000 4000 1206 1902 1056 1918 1181 574 1517 1152 4000 503 645 4000 1415 1929 4000 1469 209 1147 152 83 640 1332 1099 1812 190 1882 4000 4000 1358 715 4000 563 173 963 4000 4000 1537 1554 4000 4000 1614 708 1143 585 193 1782 4000 4000 4000 1764 485 4000 1095 1141 4000 843 580 53 519 4000 326 426 500 499 1389 537 1411 482 1648 4000 1412 1261 4000 4000 1846 1488 1893 1457 4000 377 777 1933 4000 1429 630 1109 4000 1210 720 791 4000 1046 4000
1204 1102 162 4000 4000 201 945 4000 4000 1763 4000 4000 1166 4000 1174 4000 1772 4000 4000 1704 1725 4000 1892 4000 656 658 1554 1004 4000 4000 1778 566 1258 1497 4000 4000 4000 4000 427 868 1687 4000 149 852 1146 4000 4000 4000 431 1987 4000 156 1928 4000 990 4000 285 100 4000 1648 1814 4000 213 4000 1975 1192 1513 4000 1116 1497 4000 802 318 4000 1654 1021 1569 241 4000 1 1785 1675 4000 1712 4000 260 1853 1586 4000 4000 1233 4000 1475 1004 4000
1449 195 314 4000 868 4000 775 4000 1686 4000 880 4000 1705 1121 4000 4000 905 1434 4000 4000 292 4000 4000 4000 4000 4000 4000 1325 4000 1229 4000 4000 981 4000 1295 1850 922 1628 1519 164 1763 4000 428 4000 4000 631 728 4000 1622 1703 4000 1914 4000 1297 4000 1646 1433 16 527 1044 4000 210 1661 1783 1321 512 1632 4000 139 4000 1965 1903 664 4000 4000 4000 580 1655 394 4000 914 1665 1673 1409 4000 1021 1054 4000 1037 4000 995 1839 1349 4000 1622
226 724 810 26 864 4000 1991 323 1739 1940 1249 4000 77 4000 1431 4000 1375 653 1509 783 1171 87 1394 1122 681 532 1674 77 1881 1886 1256 107 610 65 1691 1031 1141 1238 4000 4000 1177 159 1916 4000 4000 4000 647 1995 1557 1714 334 727 1358 1728 1407 4000 4000 4000 4000 4000 4000 1371 4000 1133 994 1495 163 4000 289 4000 1013 4000 4000 4000 1835 1410 1390 4000 961 946 1310 4000 1230 4000 1023 193 4000 4000 1274 1936 4000 4000 4000 4000 4000
4000 951 4000 1991 4000 1280 4000 264 69 1490 98 1480 4000 4000 4000 939 1447 4000 1726 1671 4000 4000 1934 712 4000 1869 806 4000 731 4000 589 588 4000 795 135 454 4000 696 718 143 4000 4000 4000 4000 511 1178 1117 1515 4000 4000 743 1900 762 676 4000 1069 101 974 1172 832 4000 4000 4000 450 112 670 4000 186 4000 4000 1887 4000 4000 624 1287 1177 4000 1962 249 4000 804 4000 4000 1123 1225 1010 191 1326 4000 4000 1715 777 237 249 1227
4000 919 4000 535 284 1981 4000 950 4000 4000 4000 4000 1961 1756 4000 1346 116 1064 187 796 4000 1197 4000 1614 738 1464 886 1515 4000 1135 299 49 53 1544 4000 1895 1525 4000 4000 4000 279 4000 4000 1797 394 4000 4000 510 1574 887 863 4000 4000 4000 4000 4000 870 4000 1451 4000 610 4000 176 220 4000 317 4000 1490 1994 517 4000 272 1156 1655 1627 4000 1722 326 4000 853 1213 36 4000 4000 1443 862 347 1870 338 1799 439 4000 662 4000 726
1070 489 398 4000 4000 4000 1777 1870 4000 1432 4000 734 4000 4000 4000 1563 591 1501 1835 1003 4000 254 4000 812 149 705 808 654 1368 4000 937 4000 4000 1335 554 622 1807 4000 491 991 4000 1987 4000 4000 4000 1189 4000 1957 246 4000 4000 1189 4000 4000 1558 501 128 1923 4000 4000 4000 1650 4000 4000 541 1158 4000 348 4000 4000 896 4000 1257 4000 1065 621 1367 214 4000 1614 4000 4000 4000 664 4000 1475 1165 1316 954 1877 368 4000 1526 4000 1570
67 4000 791 4000 4000 504 868 4000 1761 1046 834 1939 1971 605 1631 1584 474 1838 1500 1138 1468 531 1860 340 4000 1736 708 456 819 1238 25 443 4000 4000 415 4000 4000 4000 540 195 1887 931 1691 1857 4000 4000 4000 1567 4000 4000 704 4000 585 120 524 70 1414 789 83 232 1584 1666 675 4000 39 647 4000 4000 4000 4000 226 930 4000 4000 343 4000 795 1340 968 4000 4000 1230 1695 1536 907 1776 1163 320 121 803 109 4000 468 341 1771
65 988 608 96 32 1543 323 962 4000 240 4000 809 1035 202 1335 103 1153 4000 4000 4000 4000 1130 4000 1349 1251 210 1458 513 4000 1357 4000 4000 344 449 1955 1934 1549 4000 4000 956 4000 1316 1766 667 1075 657 4000 4000 778 124 30 1806 1254 1439 1154 4000 1206 169 132 4000 1526 1974 4000 4000 422 4000 1361 1971 646 4000 4000 4000 4000 1806 4000 4000 462 829 4000 1240 953 4000 603 4000 1687 4000 1382 449 4000 4000 4000 4000 4000 4000 4000
1466 4000 1353 4000 4000 280 1477 713 4000 4000 4000 1841 4000 43 501 4000 553 749 701 4000 435 15 1255 4000 4000 326 332 4000 4000 195 498 836 426 4000 1386 1304 1688 419 4000 4000 1259 788 4000 117 831 4000 215 4000 4000 4000 4000 4000 4000 4000 4000 1544 4000 1180 1607 879 1375 4000 1272 1802 1512 4000 662 4000 4000 4000 966 4000 1024 4000 1567 1413 4000 1340 4000 4000 1814 725 1060 1860 351 350 4000 1418 1531 567 4000 4000 4000 4000 4000
1741 1784 483 4000 4000 719 1020 4000 1743 1151 991 1155 4000 4000 1509 1601 1258 1791 661 1117 1699 4000 1635 1116 4000 4000 1412 1004 429 537 824 1727 1878 1307 1781 4000 25 357 4000 4000 4000 4000 480 454 1713 4000 55 527 4000 273 4000 4000 1284 4000 1707 1383 1037 4000 1944 1466 4000 4000 750 1091 1632 4000 500 1214 887 1334 539 1952 1158 1020 4000 4000 565 17 512 1459 290 4000 492 4000 549 199 4000 4000 4000 14 608 87 4000 4000 735
1970 1445 4000 741 1889 4000 4000 1840 1284 299 4000 4000 4000 1377 1780 323 1225 4000 4000 356 4000 4000 427 1184 560 4000 1350 205 336 707 940 1864 1710 1733 4000 4000 1858 1884 1438 4000 4000 797 1524 162 173 4000 42 1398 1911 1972 1311 4000 100 1295 250 4000 1293 1600 422 1187 1864 1363 1050 1573 4000 4000 4000 509 651 165 4000 1949 962 288 110 1135 1148 4000 90 1058 1682 958 567 1339 253 374 1556 4000 1974 4000 289 1837 4000 896 967
1550 106 4000 4000 315 4000 4000 4000 4000 4000 1932 1956 1817 1641 1603 4000 1322 561 555 660 4000 929 4000 1474 902 4000 1764 296 4000 659 4000 198 323 957 1814 195 1259 1752 458 79 4000 1947 1592 1793 4000 4000 224 4000 4000 779 684 4000 1709 4000 714 167 208 477 4000 857 4000 4000 4000 4000 4000 1983 1212 4000 1734 4000 1134 4000 4000 4000 1503 318 1035 4000 784 4000 63 1468 4000 1329 4000 1859 1496 4000 1894 4000 103 587 799 4000 4000
1039 1813 372 93 1546 1156 785 4000 4000 4000 316 204 102 42 4000 6 1663 1571 4000 991 1053 566 487 299 459 3 4000 4000 802 232 1764 4000 44 135 4000 1148 1292 276 403 1178 1344 719 4000 4000 4000 1486 4000 1982 1056 1274 973 4000 1397 1017 4000 4000 1020 4000 16 1379 4000 1781 4000 645 1473 4000 1793 4000 1659 4000 1057 1002 4000 1997 1562 1906 1482 1685 1887 4000 4000 4000 646 1912 4000 4000 1325 9 4000 4000 1389 1579 679 4000 4000
4000 1105 1130 30 763 883 1087 4000 469 1083 4000 4000 564 4000 1818 658 4000 1792 861 550 4000 1472 1433 791 4000 331 4000 1587 567 1016 924 275 120 54 4000 883 4000 4000 204 520 31 4000 4000 4000 1211 4000 811 1850 4000 1672 4000 398 4000 4000 746 708 1720 482 1852 286 4000 4000 562 4000 830 424 4000 881 1817 1819 1401 1848 462 4000 1 1230 4000 368 636 1294 4000 592 1249 4000 4000 4000 563 1258 4000 414 1545 1088 4000 1664 1820
1577 4000 1434 4000 4000 4000 1415 4000 4000 4000 866 500 4000 791 1136 1794 387 1285 1042 242 1266 4000 4000 524 183 4000 1626 828 1967 846 647 4000 4000 1638 1115 394 889 4000 1260 4000 4000 1683 4000 295 30 4000 1646 4000 4000 244 216 1460 394 1021 1541 577 1798 4000 4000 1321 11 4000 1978 4000 1246 4000 4000 4000 4000 1712 1851 974 951 66 4000 4000 975 471 4000 1168 272 1172 627 666 4000 167 1243 4000 890 204 425 458 4000 1960 517
4000 1052 4000 1864 230 238 4000 4000 1189 894 4000 4000 1869 1615 683 593 4000 1412 4000 109 4000 945 4000 4000 1836 1113 248 1851 39 208 367 4000 817 4000 4000 1047 4000 4000 1365 1878 1796 508 4000 1221 122 4000 4000 1566 4000 4000 1232 4000 1537 140 242 929 810 47 336 849 255 4000 1060 4000 1598 691 4000 286 4000 1040 4000 4000 4000 1769 1280 4000 4000 650 349 426 4000 1138 402 335 4000 644 821 4000 4000 1157 936 504 1418 1553 4000
572 1801 4000 858 950 963 1022 4000 4000 347 4000 852 4000 4000 759 4000 4000 4000 345 1630 4000 4000 450 1262 794 4000 1756 4000 4000 1308 1989 711 1109 4000 4000 1616 874 4000 182 499 4000 27 1352 4000 523 4000 1512 260 6 1857 1447 1181 1960 4000 4000 4000 4000 4000 1609 1200 620 1154 4000 4000 4000 594 902 1497 742 641 1553 794 668 904 4000 1192 4000 4000 1009 4000 1289 456 1316 1248 1910 873 1 4000 185 4000 1727 806 1879 4000 4000
501 4000 550 1998 88 4000 1107 439 4000 11 802 4000 582 234 4000 717 1523 72 4000 4000 1983 463 4000 4000 4000 4000 1794 1012 4000 545 4000 4000 1891 1211 1430 4000 4000 537 4000 1818 105 777 425 4000 1011 42 962 533 4000 4000 861 96 129 1190 606 4000 4000 399 1347 1175 944 450 4000 4000 4000 1595 370 1619 1689 4000 994 4000 679 1419 1596 1691 1461 4000 4000 1576 223 4000 1229 352 4000 4000 688 1631 4000 4000 363 291 41 528 683
1259 122 610 4000 1369 512 4000 4000 4000 847 314 881 1866 428 662 1441 4000 4000 226 561 4000 1619 806 1436 1409 4000 1356 4000 882 1884 4000 1698 6 107 132 932 4000 1561 1651 4000 4000 1966 248 1831 1951 467 4000 159 4000 1054 720 4000 672 4000 4000 1639 1923 4000 4000 361 1365 1951 4000 928 4000 191 1860 1791 1310 1510 1157 1275 4000 962 4000 983 986 4000 4000 1871 543 1419 559 773 501 684 411 1981 4000 864 4000 1087 371 1959 4000
4000 149 1431 1776 1016 497 932 4000 4000 4000 952 512 880 1999 1211 4000 4000 186 867 4000 687 4000 840 667 4000 1261 4000 1474 4000 4000 4000 1617 674 475 4000 1690 4000 1881 1538 4000 1332 4000 128 1770 4000 896 76 144 1082 4000 4000 1769 4000 4000 1993 1996 4000 559 1470 4000 640 514 1478 4000 4000 4000 118 1077 306 4000 693 1639 4000 378 4000 4000 1274 1041 1448 355 1542 20 1681 707 990 1230 702 1663 1346 4000 1524 1987 243 4000 857
4000 1427 532 1424 1734 187 116 929 1447 494 4000 307 4000 491 4000 1237 1590 4000 474 1854 1881 1704 556 4000 4000 4000 624 593 4000 1182 4000 431 609 1540 4000 1900 1284 1528 385 4000 1579 278 595 903 4000 4000 139 4000 4000 170 1770 4000 4000 1883 4000 481 1725 1516 631 4000 697 1195 1355 1306 291 1209 762 4000 294 1147 1420 1430 4000 4000 333 1309 4000 29 782 4000 4000 4000 1182 4000 4000 4000 1670 4000 4000 1858 4000 4000 1052 1993 1149
1344 4000 1912 4000 1053 4000 1896 4000 1155 4000 372 4000 60 4000 4000 1008 1717 1353 4000 905 901 263 4000 616 4000 431 4000 1696 1483 1247 4000 383 5 4000 4000 615 4000 312 655 1640 1337 584 1660 954 543 461 1963 1817 1371 4000 4000 272 1973 1295 4000 1825 1726 4000 1077 766 61 1922 4000 1624 1791 4000 1797 275 992 451 1915 328 1035 4000 839 1136 1592 4000 4000 520 510 4000 349 4000 525 794 4000 1809 1609 4000 131 1670 863 4000 1293
4000 4000 1089 486 4000 4000 1958 836 1690 646 4000 4000 237 33 1777 314 4000 1007 4000 1027 1533 4000 891 1341 4000 1390 1472 4000 1810 1866 1142 4000 1826 1789 4000 4000 4000 20 1170 4000 4000 4000 4000 461 435 290 4000 4000 854 4000 1120 4000 1568 4000 1284 1748 958 4000 1597 4000 4000 295 788 1561 4000 851 1451 83 4000 4000 214 4000 579 4000 670 572 1018 1002 4000 1429 1555 4000 1816 1122 4000 4000 426 4000 4000 22 4000 261 1876 4000 1379
1516 4000 829 1599 4000 1007 1371 26 4000 4000 4000 4000 673 1255 4000 4000 367 4000 1474 1046 1748 1688 1473 1173 213 4000 4000 4000 927 1905 4000 4000 851 1796 1599 225 359 969 4000 4000 4000 61 4000 1297 873 1383 956 1240 219 4000 286 1524 116 4000 697 4000 367 63 1918 1295 1525 884 4000 375 237 4000 157 596 1863 1966 4000 486 1584 1102 1784 14 41 4000 4000 4000 4000 1097 4000 399 4000 1596 285 337 4000 1761 4000 4000 4000 4000 1116
438 1819 1274 592 4000 796 1805 4000 1938 463 1508 4000 505 1804 762 1881 85 1860 1222 4000 4000 375 327 165 1591 4000 1354 4000 1846 4000 4000 284 4000 1393 4000 1336 4000 1795 1060 125 4000 567 1634 4000 4000 4000 200 13 4000 4000 497 1198 1354 824 4000 502 4000 274 390 314 4000 952 155 1767 344 145 1102 4000 1940 4000 4000 197 286 1407 74 4000 1803 274 1785 1172 4000 1839 369 164 220 4000 223 4000 1565 614 4000 1233 1123 271 4000
1468 4000 100 1115 4000 1820 887 1668 106 293 1743 4000 4000 16 1662 824 4000 1057 4000 549 1277 40 772 1523 1162 943 1639 394 1624 4000 4000 648 1441 1051 1763 4000 4000 4000 579 4000 500 4000 410 1710 4000 1629 91 279 686 842 4000 1963 4000 714 4000 44 1215 681 438 838 1706 4000 1486 4000 439 1248 57 4000 1454 636 1400 4000 514 1367 1221 408 996 4000 4000 4000 4000 4000 758 4000 901 1801 4000 115 38 4000 953 4000 4000 1996 889
4000 4000 4000 1997 4000 4000 1396 1765 1210 320 542 4000 4000 1411 4000 111 1121 1607 4000 1270 64 669 1464 179 4000 1210 689 7 4000 4000 454 1918 1484 4000 1471 4000 4000 424 1501 4000 4000 4000 4000 1617 1010 1459 4000 130 622 153 1401 4000 380 4000 4000 644 1631 1111 652 1975 4000 1106 1449 4000 62 919 571 1716 1343 4000 579 4000 1229 4000 1703 239 1633 4000 1927 4000 4000 1327 940 4000 4000 1362 164 935 29 373 466 1381 1479 1915 215
1099 834 4000 4000 1734 1974 950 4000 1202 1125 1080 998 757 4000 925 4000 4000 1809 1066 1843 1114 1986 1564 1606 14 4000 72 1396 973 1987 1611 71 377 1955 4000 111 4000 950 4000 687 74 4000 1685 389 1750 4000 958 71 1976 23 4000 646 4000 1035 251 4000 972 1881 4000 4000 1425 4000 1574 1802 4000 4000 1470 4000 80 4000 4000 155 641 1955 4000 390 120 1059 4000 1653 639 1933 298 205 4000 550 4000 1496 430 1876 4000 1412 1576 128 1214
1231 4000 4000 4000 4000 756 640 4000 1397 4000 1152 1344 4000 210 1363 1482 407 853 4000 169 1377 330 1512 4000 317 944 985 1730 519 1113 500 4000 371 297 121 1267 1053 761 318 4000 4000 1470 908 299 1238 270 4000 4000 4000 1561 1371 1615 1448 439 44 1323 1383 1029 4000 4000 1699 666 4000 4000 963 887 893 16 1206 1211 1580 1676 238 487 4000 1476 315 4000 4000 4000 873 1605 609 320 43 4000 1200 983 4000 1809 441 937 4000 4000 563
1438 1652 4000 1011 414 4000 590 89 4000 1078 1621 4000 1393 933 171 4000 4000 1776 111 4000 1376 764 440 4000 4000 4000 357 497 723 4000 4000 1718 773 1632 728 1188 1856 875 4000 4000 1953 4000 4000 902 502 4000 4000 4000 1317 4000 4000 693 836 1544 4000 4000 1793 4000 894 72 86 4000 1790 4000 1143 74 1162 555 949 4000 430 459 1565 4000 918 66 4000 1322 1488 4000 4000 592 4000 4000 1693 1074 4000 4000 1596 4000 4000 4000 588 17 1657
4000 91 375 1401 598 1928 1831 1057 1050 1631 4000 1116 529 1297 161 745 690 4000 1210 4000 2 4000 4000 602 4000 1066 4000 676 1212 4000 4000 499 4000 264 1457 1537 191 4000 593 1241 475 125 1915 562 4000 4000 4000 4000 385 4000 4000 1945 1472 135 4000 4000 4000 1820 1584 1970 4000 1473 26 1606 1294 1483 1143 1485 770 4000 283 803 4000 1755 1365 4000 4000 228 1623 4000 1859 211 4000 1330 1904 1820 1795 1104 4000 4000 631 1863 4000 657 4000
4000 139 4000 300 467 1461 583 827 878 4000 191 832 4000 1977 4000 1052 1835 222 1882 722 125 1258 516 786 453 1452 1417 1873 4000 73 898 674 1771 1065 974 1795 525 4000 621 961 1008 369 4000 4000 4000 1804 1340 1737 4000 1221 4000 150 479 975 4000 489 4000 353 1920 1399 1984 817 4000 1754 4000 603 4000 1965 4000 1726 482 281 4000 1832 4000 439 1635 1909 4000 4000 687 4000 4000 4000 723 302 1212 706 655 4000 4000 4000 1505 4000 1950
944 1896 1055 465 1169 780 947 4000 4000 4000 19 871 1970 1486 604 1186 172 4000 552 452 4000 4000 4000 1783 1067 1910 1445 4000 1414 4000 4000 4000 188 1381 379 915 1719 883 1923 150 775 1499 4000 744 984 1183 1487 713 4000 4000 1165 1054 4000 4000 836 631 295 4000 1451 4000 574 1777 738 319 715 4000 4000 4000 1115 4000 140 1890 655 718 191 4000 4000 4000 1910 1436 1274 1074 47 4000 4000 883 4000 4000 721 919 135 852 4000 4000 4000
1410 1104 405 957 218 1118 4000 108 4000 1373 4000 526 830 1534 4000 1824 364 1066 4000 1202 83 4000 670 509 1031 1146 4000 1883 1842 631 1054 808 4000 1016 4000 1954 133 4000 61 1907 1349 4000 432 179 4000 4000 4000 4000 1490 1430 4000 1130 1740 4000 1197 771 1949 4000 210 1347 4000 4000 1712 4000 279 4000 4000 1971 1454 4000 1877 802 1254 4000 538 4000 1847 540 78 4000 4000 4000 1581 1267 1012 777 4000 960 174 1805 4000 4000 4000 4000 1525
4000 1052 800 432 62 136 1866 865 1390 1288 1403 1653 1134 1501 4000 4000 1027 4000 4000 4000 509 4000 1888 1470 1673 1250 1333 1434 1876 908 515 4000 4000 1315 327 4000 4000 192 444 4000 1481 1848 50 171 905 4000 4000 1932 4000 4000 1783 1787 418 1227 813 4000 476 146 4000 1909 1054 1154 1804 4000 469 1688 4000 1477 1880 595 1875 917 2000 1925 4000 904 1262 4000 393 4000 1322 175 4000 1740 959 696 4000 4000 399 469 901 1011 4000 261 1582
1650 1949 4000 683 1829 1443 558 4000 999 39 4000 1904 1302 1793 4000 1398 1114 4000 1281 853 4000 1535 1799 1980 1934 267 881 501 1448 699 1641 4000 4000 930 4000 33 4000 1453 4000 929 1492 1727 832 4000 1076 685 1749 189 270 586 599 4000 4000 4000 794 1612 4000 1232 112 4000 4000 4000 4000 135 240 776 168 169 1786 504 1098 4000 4000 1487 1628 863 1729 1376 609 4000 1962 765 370 4000 720 721 808 499 1953 4000 1283 1440 4000 721 4000
4000 1054 4000 1754 839 1805 4000 116 1592 1453 4000 454 1182 676 1063 4000 637 1829 4000 4000 548 4000 641 4000 894 1119 1887 4000 906 608 1467 933 1219 4000 4000 58 572 652 1732 163 105 1032 175 844 1708 795 4000 1902 623 4000 4000 728 1187 376 4000 4000 1495 776 4000 400 4000 1439 890 159 1763 1134 4000 1892 1343 1506 4000 1448 537 1788 291 4000 4000 1430 4000 4000 4000 1439 1048 4000 4000 1938 499 867 713 471 824 1654 1467 1272 1813
1230 4000 1588 1121 4000 1093 4000 4000 4000 77 4000 1432 217 1588 4000 4000 819 4000 1585 4000 1946 1522 4000 369 4000 880 1193 4000 346 4000 4000 4000 1984 4000 4000 1289 4000 101 1599 239 1737 4000 4000 1954 4000 363 490 1721 4000 4000 515 4000 4000 4000 808 945 4000 1558 4000 149 1580 4000 840 1120 278 651 4000 4000 309 1121 1127 45 435 355 1999 4000 275 45 1057 769 4000 4000 1208 4000 4000 4000 4000 1857 688 1723 1563 1825 41 4000 944
319 4000 4000 1207 477 1588 4000 4000 22 4000 78 1359 77 123 1974 4000 1801 660 1612 4000 4000 1185 4000 4000 1430 572 1246 4000 171 1206 4000 490 4000 221 1254 292 4000 1144 372 4000 946 4000 4000 581 4000 278 4000 1932 938 4000 4000 1208 4000 4000 891 767 1542 136 20 1270 899 1776 4000 715 4000 571 4000 4000 1272 493 4000 1776 4000 1500 4000 4000 4000 4000 119 4000 4000 681 1037 1275 1651 4000 4000 749 4000 4000 1576 520 1395 4000 4000
1391 1463 913 754 4000 1407 1506 510 4000 562 866 94 4000 206 4000 1726 4000 4000 762 974 1660 4000 1016 4000 1424 4000 4000 4000 29 4000 4000 977 1896 1206 4000 187 612 793 254 4000 912 677 4000 365 4000 4000 90 4000 392 4000 4000 51 4000 1687 4000 4000 321 1114 1137 1908 4000 4000 884 556 635 172 743 1247 522 554 4000 1435 1231 4000 1800 1671 1433 1448 1810 1382 4000 4000 991 1627 4000 564 820 4000 1236 1957 1952 339 4000 393 4000
4000 122 1195 824 4000 4000 4000 1636 4000 1195 993 649 4000 4000 15 4000 1854 496 4000 4000 4000 4000 4000 707 4000 4000 4000 4000 756 4000 4000 777 287 4000 1601 4000 1204 4000 124 1740 56 1117 1946 1798 1114 4000 921 968 457 4000 1562 4000 1271 976 4000 4000 789 1156 108 4000 4000 369 1879 4000 1826 4000 97 586 4000 221 326 1511 1339 4000 4000 452 1790 1787 4000 246 379 96 4000 1207 1072 4000 4000 4000 1018 55 4000 4000 4000 4000 4000
1808 4000 44 393 4000 265 4000 1958 1161 4000 823 1171 337 609 4000 4000 4000 1801 1064 194 4000 483 1700 4000 4000 1312 1924 4000 1294 1879 1345 1101 427 1389 1052 873 1211 1771 830 1930 1876 4000 657 4000 4000 4000 354 364 1720 975 4000 148 4000 1373 1553 516 4000 4000 4000 1536 911 4000 193 1338 4000 4000 4000 4000 4000 155 4000 448 1365 1558 218 1184 1919 4000 1106 1195 1104 1222 4000 4000 594 4000 635 835 4000 4000 4000 4000 1807 4000 1291
10 4000 4000 982 4000 770 4000 4000 135 1440 4000 876 915 4000 4000 4000 4000 760 1011 4000 1354 1464 4000 1747 949 4000 4000 1345 4000 4000 4000 72 1604 1250 1054 4000 20 4000 1486 1713 1933 1649 588 4000 383 127 72 1779 887 4000 851 1799 546 4000 1545 4000 4000 4000 4000 1762 1456 4000 1835 616 1838 4000 4000 1415 4000 1201 1127 428 4000 1273 4000 1232 957 462 567 1401 1545 1418 1199 1648 1976 300 1142 1232 1076 1095 4000 4000 1683 4000 704
1521 387 4000 4000 1326 1619 4000 1755 4000 4000 4000 1256 963 4000 1381 363 1709 798 1120 4000 331 977 55 1563 52 1151 4000 140 4000 498 4000 1911 443 1263 403 1769 4000 4000 1080 906 4000 4000 161 105 4000 4000 25 4000 1898 4000 1568 4000 1680 1624 1348 1732 331 4000 1873 1164 1517 4000 4000 1960 4000 1035 4000 1532 171 1923 437 1314 704 155 1419 4000 1255 1444 4000 4000 146 4000 494 1826 609 1399 4000 940 860 543 1662 1935 817 4000 1451
4000 885 736 4000 1056 216 992 1927 477 705 1345 1685 4000 4000 1103 225 48 4000 276 4000 255 4000 4000 752 4000 4000 413 4000 1462 263 1477 929 1148 1771 1927 4000 4000 476 1687 463 1181 4000 1705 4000 491 807 4000 539 4000 1198 4000 4000 4000 4000 1460 964 1160 1431 547 4000 4000 24 1108 399 1795 1034 1717 1338 1510 961 4000 4000 1549 1063 944 1597 1427 4000 4000 1880 620 4000 4000 4000 1736 4000 1571 4000 592 4000 631 4000 1700 1739 241
4000 330 1516 388 1397 4000 4000 1645 4000 365 4000 4000 1793 1569 872 4000 188 92 1817 795 1385 4000 4000 4000 1570 41 25 1412 4000 4000 1211 4000 1208 726 1179 605 4000 481 1807 340 847 1952 4000 4000 1520 1505 4000 1266 4000 1684 1618 538 4000 1984 4000 4000 1582 4000 4000 1322 392 410 112 1601 1136 848 1763 1895 887 4000 1792 4000 1077 425 1487 4000 4000 1354 4000 4000 4000 1037 1179 813 578 668 4000 4000 1740 1801 1039 4000 210 4000 1290
4000 1557 4000 354 1 4000 145 1291 1697 4000 777 1408 57 4000 827 4000 282 4000 1434 1096 1557 102 4000 1273 1399 611 1869 1531 821 577 820 4000 4000 1429 4000 1691 48 1337 981 4000 4000 4000 4000 4000 1002 4000 4000 1285 73 4000 4000 1630 869 748 4000 268 1359 328 1356 4000 905 4000 1017 152 4000 208 1843 768 1102 4000 1628 4000 1252 4000 4000 253 989 4000 4000 619 1746 589 1806 171 4000 265 1997 252 150 1353 1989 612 643 4000 4000
1362 770 4000 129 1430 4000 1314 1553 4000 1209 755 4000 1755 1290 257 374 4000 4000 1737 4000 1741 1 760 1993 151 4000 1982 320 312 4000 4000 1675 871 804 4000 300 904 675 4000 4000 1441 164 1418 1195 1455 1675 1126 489 4000 863 4000 260 421 1571 253 130 4000 4000 450 1553 4000 4000 784 762 1896 4000 619 4000 376 29 1055 4000 4000 472 569 4000 4000 4000 1695 224 1672 504 4000 93 74 1852 1781 1315 4000 4000 424 4000 879 1208 4000
4000 4000 30 1575 4000 4000 186 216 1810 216 4000 1458 1920 1152 4000 143 4000 4000 1743 4000 4000 1594 253 4000 1237 4000 583 328 920 1348 181 4000 1814 1769 826 4000 4000 4000 430 1638 786 329 652 262 1481 1361 1964 4000 4000 1706 334 1418 4000 145 19 4000 186 159 4000 1106 1507 159 358 1321 1928 741 1534 4000 4000 4000 4000 1654 1851 4000 1474 1331 76 4000 4000 4000 4000 1084 1625 4000 1229 1201 4000 972 1361 1625 77 867 1784 4000 4000
1269 291 1722 4000 4000 1242 4000 813 4000 4000 286 4000 994 1280 4000 1200 1979 4000 824 4000 155 4000 4000 1127 4000 362 4000 1810 145 4000 4000 971 1045 1276 1109 204 4000 1754 574 724 1114 4000 4000 107 1697 990 4000 4000 1918 4000 321 72 4000 1059 4000 1771 1421 1962 1138 1123 272 692 94 1318 1525 4000 4000 1156 514 1653 1880 4000 69 4000 850 4000 688 1715 554 605 4000 875 234 1346 1491 1434 4000 4000 4000 4000 1592 1225 4000 0 99
1584 4000 4000 740 516 387 619 1702 13 317 4000 4000 4000 265 4000 4000 4000 4000 4000 127 1813 392 801 280 4000 611 1429 568 671 671 4000 4000 674 1402 4000 4000 1789 1171 891 4000 1045 4000 4000 1607 1264 583 4000 1604 462 4000 1288 1832 4000 4000 1669 4000 700 1098 1592 928 1326 259 4000 4000 1218 4000 4000 1007 461 4000 4000 1506 637 1060 4000 1458 4000 1442 618 1219 4000 4000 1050 852 1995 4000 1876 251 931 4000 1179 256 1283 4000 256
501 1209 1003 1065 1670 4000 4000 732 834 46 4000 1850 804 399 4000 22 685 1931 4000 1094 1926 4000 4000 1734 4000 436 4000 1650 1276 4000 1463 1777 4000 22 841 380 220 1829 1112 611 1875 69 4000 678 25 4000 258 710 415 445 1805 4000 908 330 1189 4000 323 1659 4000 1600 1604 4000 1376 314 993 217 694 4000 45 4000 1382 1477 989 1399 1713 1014 4000 1971 1281 1857 1973 642 1754 880 973 942 738 4000 157 245 895 4000 773 4000 1632
4000 4000 1883 4000 4000 1245 1475 1124 1791 4000 393 804 314 1921 1643 4000 1893 284 1482 4000 1257 423 1067 553 4000 1313 1005 1456 85 833 645 4000 878 84 1060 82 1330 534 764 1120 4000 4000 4000 1280 635 1124 1450 527 965 4000 857 222 912 1481 4000 607 4000 1337 1620 1994 1728 1822 1402 162 1907 4000 245 1236 4000 4000 4000 1518 1723 951 797 1915 1632 1805 4000 597 292 4000 376 761 1894 4000 925 4000 1602 545 237 1329 366 1196 1049
272 4000 4000 4000 4000 4000 535 842 4000 4000 4000 611 4000 4000 610 1272 407 1023 4000 4000 916 4000 93 1160 4000 195 1397 4000 562 150 1449 391 4000 299 1457 4000 4000 4000 4000 411 1034 284 1022 1266 842 1632 4000 4000 4000 1742 1976 1128 1211 1626 287 4000 1822 1242 4000 1941 4000 1245 331 4000 1544 4000 1002 816 4000 4000 1227 4000 374 1807 750 773 995 845 4000 1650 4000 4000 334 1355 1181 621 1637 559 4000 4000 499 811 1120 387 1124
4000 1733 125 1036 182 4000 1820 1667 589 4000 4000 4000 178 376 4000 4000 4000 496 1719 4000 1234 339 1067 1793 4000 499 291 127 4000 679 4000 953 4000 4000 1546 150 4000 4000 1375 1738 105 1349 4000 283 1282 1599 1668 4000 94 943 1232 1329 4000 1856 678 4000 355 970 4000 1088 1206 1092 41 4000 469 1587 4000 4000 4000 1813 1356 615 1161 12 898 4000 1168 123 4000 1262 4000 1032 147 1463 887 383 1619 799 1353 1460 4000 4000 551 1929 4000
577 1515 1727 195 4000 1540 1108 196 257 677 1094 257 1845 774 1615 663 4000 4000 368 860 1090 4000 36 1447 4000 4000 1334 1776 46 819 4000 624 1891 1905 376 1472 4000 4000 4000 4000 1718 319 1073 1562 1093 687 1782 47 890 1707 4000 4000 457 501 4000 117 4000 1874 1450 4000 4000 4000 223 583 1976 4000 54 976 1640 4000 4000 914 4000 4000 32 691 1551 1815 4000 440 4000 4000 1978 1536 819 960 1653 4000 4000 660 1972 4000 730 4000 1666
262 1909 4000 1239 1106 557 4000 19 155 4000 52 4000 1445 1867 4000 1886 944 1017 1863 479 1836 379 1690 207 1213 349 1737 4000 636 1489 4000 4000 1397 353 4000 502 910 281 4000 4000 1733 4000 1026 1178 1555 4000 620 498 1857 4000 4000 1249 4000 4000 1014 4000 1688 307 4000 1881 1796 117 4000 4000 4000 1588 809 938 4000 4000 1561 4000 1019 143 4000 573 982 4000 4000 395 109 720 1645 85 58 215 4000 4000 522 1430 1627 4000 1547 1963 623
4000 1551 4000 513 4000 4000 4000 135 452 1774 4000 1025 4000 4000 1211 4000 1767 1488 352 4000 1547 124 4000 4000 646 1226 4000 77 4000 4000 4000 4000 4000 4000 1975 79 4000 1605 1772 1576 935 1358 157 1690 1015 4000 4000 338 413 306 4000 1960 1988 1100 808 190 1883 841 4000 4000 836 525 1230 1939 214 4000 1575 894 4000 1346 469 4000 4000 627 4000 4000 1552 501 1171 1522 365 4000 1038 352 1131 4000 543 1013 244 810 4000 637 1335 1569 575
1106 4000 4000 1558 1810 4000 26 666 4000 210 4000 145 1320 4000 4000 398 751 904 4000 1103 1592 840 1203 4000 641 1571 4000 1278 462 68 1853 1126 1512 4000 683 1321 610 4000 4000 4000 4000 314 1183 4000 1143 4000 1752 1451 517 4000 554 109 1585 1314 270 225 4000 770 1503 1347 395 4000 4000 1908 470 4000 4000 638 4000 772 4000 4000 4000 4000 365 4000 4000 1675 4000 1432 4000 1349 4000 4000 219 1368 4000 1104 1696 4000 4000 1648 201 4000 1555
4000 4000 340 867 840 669 985 4000 1313 1843 1775 4000 314 4000 1452 4000 1869 4000 400 1873 4000 1325 101 1680 4000 1391 1244 668 4000 837 1780 1379 1142 119 245 1540 4000 787 1392 4000 186 723 315 500 1730 1767 1803 1598 4000 1760 1027 4000 1085 4000 1937 1662 4000 4000 329 783 4000 1667 1719 4000 1343 4000 256 1689 307 1205 4000 493 4000 1220 4000 1214 544 4000 368 4000 4000 1395 4000 312 80 861 4000 4000 41 1861 53 1616 1527 4000 4000
869 4000 588 558 1156 1793 4000 4000 4000 682 4000 4000 1226 1225 860 1451 452 1812 374 321 1449 792 294 719 4000 1712 329 4000 4000 1658 781 4000 4000 927 222 4000 276 1242 4000 4000 1924 4000 4000 4000 4000 19 1715 972 1831 4000 1293 837 4000 4000 1113 1271 856 1443 4000 4000 657 1616 1759 4000 99 1538 4000 4000 779 4000 4000 259 989 4000 4000 1509 1108 237 481 495 1884 1774 4000 4000 918 445 1149 4000 4000 1984 1426 101 1156 741 1265
4000 278 1205 4000 614 4000 1116 4000 1000 4000 4000 66 1312 4000 547 4000 188 4000 1139 66 4000 4000 4000 127 4000 756 1553 687 1469 4000 1509 4000 1686 4000 352 4000 282 4000 4000 4000 4000 797 1348 542 1546 1452 349 1291 1330 4000 4000 1683 186 1688 4000 4000 443 919 1015 1469 4000 4000 191 4000 351 100 310 4000 1126 596 4000 356 951 377 898 53 1830 4000 1344 716 1849 4000 398 4000 1946 4000 363 1946 4000 935 1414 1452 573 4000 1906
925 1263 215 4000 4000 4000 4000 301 4000 522 756 1372 4000 1560 4000 624 966 531 1022 4000 477 4000 4000 4000 1469 4000 1394 920 1986 555 825 467 4000 4000 1583 878 522 1727 4000 1399 248 4000 327 4000 609 4000 4000 1575 689 1802 4000 723 4000 4000 702 55 21 95 975 7 208 1357 31 1140 1511 1614 17 1591 1341 754 989 4000 4000 4000 1746 412 1917 525 1988 4000 4000 4000 885 471 728 4000 4000 4000 1240 4000 314 4000 1531 345 4000
598 1517 4000 4000 857 4000 1177 2 4000 493 1748 688 1967 1831 4000 1686 1715 1909 570 1743 637 156 1827 4000 4000 1 4000 4000 1531 717 102 1686 233 1822 1875 647 294 1051 4000 127 1101 4000 372 624 4000 4000 309 4000 513 879 1242 707 4000 4000 1208 1546 182 4000 1504 1270 1855 4000 956 1645 984 830 292 4000 4000 499 4000 4000 453 1334 1163 1796 1496 1030 1294 4000 4000 92 4000 4000 4000 1039 4000 4000 175 4000 4000 4000 4000 240 4000
1254 4000 4000 88 507 22 4000 603 32 1941 1767 1828 1437 4000 679 560 261 328 4000 1878 4000 986 1482 4000 4000 589 4000 748 859 1700 4000 4000 326 4000 1758 390 1082 4000 994 4000 304 4000 56 1298 4000 4000 4000 4000 621 1806 808 4000 4000 1847 513 1510 1993 1973 1816 408 4000 4000 4000 1555 4000 4000 4000 1494 1756 939 1723 4000 1256 1780 915 1926 1629 4000 413 1807 135 779 4000 4000 625 4000 1551 4000 4000 1366 583 1860 4000 661 1415
1129 52 917 4000 1809 4000 1460 1426 668 796 340 150 4000 670 4000 4000 362 899 376 846 1082 1035 1954 4000 1223 1319 4000 4000 4000 57 4000 4000 4000 970 4000 4000 382 1476 901 607 272 4000 757 4000 1026 4000 928 4000 1334 4000 1791 4000 1897 1744 4000 4000 619 626 1758 1770 683 4000 4000 350 338 64 1383 4000 4000 4000 885 1369 4000 1643 65 4000 4000 551 166 4000 1413 4000 1384 866 815 612 1542 992 1238 1299 4000 4000 4000 366 1386
1006 4000 4000 1284 4000 4000 168 10 4000 4000 1633 4000 4000 1741 1308 4000 710 379 4000 4000 1194 408 674 4000 1204 1974 4000 239 197 4000 1625 4000 4000 4000 43 169 117 1770 179 4000 694 4000 4000 4000 1553 928 4000 262 4000 348 1396 4000 313 69 1801 4000 1600 1418 1313 4000 4000 495 4000 929 445 158 4000 119 4000 1277 599 4000 646 219 4000 1756 4000 426 1575 1568 331 4000 1625 202 4000 4000 1276 1754 4000 589 1108 4000 641 1223 730
643 4000 1386 4000 422 219 919 600 865 4000 4000 4000 1399 458 1753 523 4000 279 147 992 433 1130 1825 4000 1087 413 4000 888 611 74 4000 1255 1012 560 1575 4000 780 493 34 4000 745 66 1380 4000 524 689 223 4000 525 370 1420 959 4000 4000 703 143 1215 4000 588 4000 1630 1764 4000 4000 4000 212 75 4000 262 4000 4000 1007 4000 356 707 4000 4000 487 242 1127 4000 1219 85 4000 463 4000 4000 1236 4000 4000 619 4000 1524 814 170
4000 1026 1803 1622 845 1469 4000 4000 4000 511 4000 129 1113 4000 1929 239 1016 4000 1883 44 1168 4000 1660 1961 4000 1420 579 1214 4000 1393 942 4000 1976 301 1082 4000 1328 1237 228 1643 1748 1901 4000 4000 4000 1700 214 632 404 96 677 4000 1881 1894 1532 4000 1313 1668 4000 1370 617 835 1273 4000 694 1913 526 21 4000 4000 1664 11 211 993 4000 1828 4000 642 459 653 4000 1136 1782 4000 4000 870 4000 4000 537 1192 4000 1154 1585 98 860
1836 1568 4000 4000 273 1697 1077 284 1908 4000 4000 1292 4000 4000 1752 86 1208 444 1869 4000 4000 4000 239 486 4000 988 1312 1544 4000 4000 404 1965 534 4000 1378 4000 1044 12 206 508 1639 476 4000 1515 945 1552 1602 152 1553 4000 4000 4000 1322 889 1070 4000 1435 381 1256 4000 1348 1660 643 4000 4000 4000 4000 49 4000 1566 4000 4000 4000 4000 4000 544 4000 4000 696 4000 4000 1347 1603 1808 4000 229 1519 1227 610 774 4000 1515 1991 991 953
997 568 312 4000 158 4000 4000 944 1034 1076 1244 1578 99 703 1832 4000 4000 4000 4000 4000 527 507 4000 1312 4000 4000 1660 188 4000 207 698 4000 332 4000 4000 47 445 711 991 1037 1344 4000 4000 1444 495 4000 119 1240 737 4000 1793 4000 4000 1864 133 1578 4000 4000 4000 4000 1114 4000 1605 1446 4000 1155 4000 590 1423 1599 4000 766 1391 1798 4000 1886 1358 1886 683 1652 4000 4000 473 743 1896 163 4000 160 4000 4000 4000 4000 4000 4000 4000
4000 692 680 1512 114 278 1138 4000 1227 492 204 4000 1850 90 1352 0 1930 1827 1532 230 1722 1253 1665 1440 765 422 1373 949 756 910 578 4000 1603 815 1189 1717 1093 326 154 4000 4000 4000 989 225 4000 340 1284 4000 1725 4000 1723 4000 1626 4000 4000 1948 1367 1372 4000 1680 1840 1031 1358 1442 4000 4000 4000 939 4000 1313 815 363 1229 4000 145 4000 4000 4000 727 983 1360 7 1986 4000 952 1543 4000 318 471 943 1555 310 1974 4000 1752
1377 4000 467 4000 1003 1337 4000 4000 4000 4000 1068 1357 1307 4000 83 1847 4000 90 1389 1513 599 931 4000 4000 4000 59 4000 1713 1590 941 1022 4000 1514 1489 838 73 4000 1083 996 4000 1131 4000 4000 4000 118 1501 1398 1090 1149 786 4000 4000 1718 161 222 677 4000 251 4000 1368 4000 525 4000 263 4000 1172 4000 1953 4000 890 456 942 4000 1874 493 629 4000 1891 1719 523 676 4000 4000 4000 39 49 4000 1818 4000 131 742 4000 656 1075 4000
4000 1804 763 1737 1615 1653 1751 4000 4000 4000 4000 4000 998 53 4000 1078 287 1947 906 237 4000 4000 1980 4000 813 4000 4000 1863 4000 734 4000 4000 95 1495 4000 1710 705 1152 1381 4000 332 1544 1218 888 1598 844 1966 4000 790 4000 1236 333 941 1215 1251 1754 4000 910 4000 4000 4000 4000 4000 1297 4000 1829 563 4000 980 1944 86 870 1488 4000 1758 4000 1262 4000 4000 4000 1709 4000 4000 649 534 4000 1960 1416 1661 4000 178 4000 4000 606 4000
4000 4000 4000 324 4000 4000 1968 1842 4000 385 1599 1466 4000 4000 1549 4000 143 425 1199 4000 516 1507 308 1489 1168 4000 4000 1144 4000 4000 860 4000 1822 696 1692 4000 475 1216 1749 1300 4000 4000 765 805 4000 1872 61 4000 4000 818 1833 4000 4000 4000 4000 4000 252 639 193 956 26 4000 4000 1406 1306 14 1313 1781 4000 4000 4000 4000 1523 1846 750 4000 4000 4000 1903 1127 4000 4000 4000 4000 4000 467 4000 4000 1107 1868 197 4000 477 520 4000
1340 4000 966 1120 879 1585 4000 381 1107 4000 1132 1970 876 4000 1429 1560 4000 1163 4000 869 4000 1079 100 950 185 1968 4000 433 4000 781 85 1341 4000 608 4000 867 192 1776 1248 4000 1378 1937 4000 1811 551 254 927 4000 4000 1539 779 4000 617 4000 4000 4000 4000 1450 793 4000 4000 4000 1304 1776 4000 1322 4000 4000 1097 1448 92 4000 941 475 4000 4000 4000 325 1402 4000 4000 180 4000 4000 617 245 840 578 1253 1633 540 598 4000 1844 373
1112 722 573 1905 1819 4000 1998 1407 518 29 805 1568 316 687 970 1133 550 4000 632 4000 881 435 1428 1459 1245 618 4000 4000 686 1400 4000 4000 4000 1460 816 1498 4000 813 905 1113 843 1267 237 716 4000 764 4000 4000 1472 38 649 1910 30 1635 4000 1275 252 1368 231 495 4000 4000 1407 4000 1021 222 1945 1615 593 406 4000 993 1673 4000 4000 4000 1286 4000 803 314 1595 4000 224 1625 4000 1593 456 895 4000 687 4000 841 1806 353 4000
826 133 789 4000 726 1195 725 1719 424 4000 1427 4000 532 540 1526 847 1693 4000 1071 4000 4000 4000 1331 4000 294 1575 577 1135 1380 487 1980 1763 4000 325 4000 1346 1077 485 621 1059 4000 1605 4000 1378 145 4000 1782 1395 4000 409 4000 4000 629 1156 648 923 288 4000 1616 1668 4000 1152 988 1447 1478 748 792 554 790 971 4000 78 575 1394 1456 720 700 1238 1672 98 1647 1941 1116 1834 4000 4000 313 1384 1660 4000 609 486 4000 1597 1933
1673 1902 281 1784 691 4000 4000 326 1828 1905 1339 4000 162 4000 1777 260 1338 4000 4000 4000 369 254 4000 1311 4000 4000 1477 1957 4000 4000 1889 837 4000 1728 4000 779 4000 1574 1105 4000 4000 443 25 1198 4000 1359 1458 1915 4000 390 642 4000 4000 4000 4000 115 209 902 71 931 1532 4000 1768 4000 1245 1946 398 4000 1076 4000 144 111 1504 4000 4000 1638 1528 4000 1109 1717 4000 4000 4000 1358 4000 1701 1030 757 602 1102 1688 1692 176 1013 1311
1421 4000 1710 1201 1591 769 4000 1260 4000 1071 4000 1024 155 892 132 1872 4000 1440 1704 963 1988 1404 4000 744 1563 4000 431 1254 828 4000 122 4000 4000 1389 4000 1107 1715 1909 366 1102 4000 4000 125 692 1383 4000 120 4000 812 4000 1509 799 784 1059 1543 347 1268 1532 1158 1653 4000 837 1458 48 225 463 1155 1941 371 1078 1042 908 1569 4000 4000 4000 539 4000 4000 1352 4000 1005 1708 4000 4000 4000 1346 888 4000 61 540 428 898 1998 4000
4000 4000 1188 4000 4000 265 4000 4000 1835 1944 4000 786 40 845 282 949 1503 845 4000 4000 4000 1464 1848 4000 4000 1909 1894 1789 363 1892 4000 1487 1467 1010 1665 1413 4000 441 1825 223 385 949 566 1983 4000 4000 931 853 4000 1587 4000 4000 4000 316 1512 4000 4000 963 1756 4000 854 1135 1632 1878 144 853 1290 4000 1295 4000 757 1237 1621 1323 1219 971 1729 4000 1382 979 1293 293 695 4000 4000 4000 1426 4000 4000 738 534 1580 4000 4000 4000
16 133 4000 4000 1428 532 4000 4000 152 186 4000 681 4000 1146 62 4000 4000 1913 1146 4000 4000 910 879 25 1636 4000 559 4000 4000 4000 1787 1063 1973 4000 727 4000 4000 1591 4000 332 1335 4000 570 4000 877 632 815 429 101 1962 4000 179 4000 318 204 506 4000 321 1279 4000 4000 1066 1159 1247 4000 1887 4000 4000 4000 495 340 4000 4000 4000 732 660 1543 1548 4000 1201 1509 86 1381 1937 404 1142 4000 1454 1020 1279 4000 4000 4000 709 1984
4000 595 1744 4000 1629 1796 962 4000 21 1872 286 681 4000 1834 1328 172 899 1414 1110 4000 4000 1809 835 829 4000 4000 378 4000 1572 1087 4000 4000 1239 1965 4000 868 1761 883 4000 1782 4000 265 4000 1283 99 4000 1012 555 761 4000 4000 1693 4000 4000 521 1874 1896 457 996 4000 1101 1660 766 340 4000 4000 765 942 1571 1187 723 1883 1009 743 1166 665 4000 177 1221 4000 4000 4000 101 4000 4000 179 1217 1403 4000 4000 4000 1295 987 1192 4000
4000 4000 399 1110 1008 1143 4000 890 151 133 55 817 1781 1791 37 4000 4000 4000 4000 990 1713 4000 1764 1115 4000 1533 1541 629 4000 4000 263 4000 4000 219 911 4000 1362 4000 1624 4000 1992 1237 4000 1329 1027 1481 632 673 4000 4000 1220 4000 4000 983 69 69 72 4000 255 1707 1900 75 4000 1626 294 419 4000 4000 4000 1983 282 4000 1219 169 1154 4000 1207 1787 475 450 4000 1695 4000 4000 234 1475 1298 1865 4000 1553 4000 4000 4000 4000 1723
4000 4000 1639 4000 1774 1622 531 1599 397 257 4000 200 1464 4000 4000 1914 1033 1485 876 705 4000 1908 1560 697 4000 4000 267 4000 1855 903 4000 4000 1957 1122 4000 1731 743 1227 4000 4000 4000 1196 454 4000 1292 4000 4000 4000 4000 851 587 561 315 1704 1259 421 373 1083 624 1786 1986 106 4000 4000 1228 1372 1230 4000 4000 1673 4000 4000 869 1794 4000 4000 37 1678 1600 1323 4000 4000 1885 401 1448 700 4000 4000 4000 1003 1163 1326 666 1396 1268
1895 4000 4000 4000 924 1727 4000 120 152 555 4000 1871 4000 1057 1470 1473 1142 4000 4000 4000 218 4000 4000 4000 953 481 316 278 1148 1712 4000 4000 36 1157 1578 517 441 4000 638 150 451 17 20 600 631 4000 1630 1330 4000 4000 4000 1594 4000 1909 1189 4000 1948 1062 4000 4000 774 48 1251 4000 762 385 885 1203 4000 1080 1354 289 1097 4000 890 1285 4000 4000 614 1354 4000 4000 947 333 4000 1694 557 14 755 1503 4000 1086 1551 1474 1454
312 1416 338 4000 4000 4000 1984 1987 71 914 4000 1356 7 4000 1527 1361 687 128 1866 577 195 4000 1135 209 1428 637 4000 514 1745 1463 4000 56 878 1863 686 575 1280 669 4000 908 1141 4000 1821 1148 619 4000 65 1306 4000 1931 1884 1670 4000 4000 1436 4000 4000 1425 4000 956 887 4000 4000 1323 4000 1256 1455 768 4000 1574 4000 4000 4000 1053 4000 302 399 4000 4000 4000 4000 1049 4000 1927 1624 4000 1958 835 4000 4000 1348 406 128 1917 4000
