40 30
4000 4000 4000 4000 1134 573 1783 4000 1969 4000 298 162 4000 1937 993 453 1264 4000 4000 481 4000 4000 182 4000 620 248 4000 17 157 909
1134 4000 370 1934 192 1061 4000 1975 398 4000 1200 253 1751 4000 1747 4000 4000 1011 406 1617 1492 294 4000 1232 698 1741 1037 4000 4000 4000
4000 449 4000 107 4000 1356 1168 4000 4000 1124 1592 1644 4000 1343 4000 1124 1643 1028 1692 49 4000 740 343 4000 1972 599 619 1008 312 4000
1759 49 383 4000 156 1880 1835 4000 4000 4000 5 4000 4000 1382 1932 31 62 4000 4000 4000 4000 4000 4000 4000 4000 1580 4000 4000 588 4000
251 4000 4000 4000 4000 4000 70 4000 4000 4000 4000 4000 99 4000 1581 1588 1121 1200 4000 1738 511 4000 4000 119 979 254 1699 4000 4000 4000
206 1265 4000 4000 1013 4000 674 1083 1905 4000 150 1958 1066 249 4000 4000 1394 4000 4000 4000 348 1471 10 4000 1147 546 716 403 1204 4000
246 4000 4000 4000 329 1121 4000 1003 4000 4000 1870 1912 4000 935 4000 590 4000 4000 758 98 4000 4000 1126 791 4000 273 1337 4000 233 97
684 479 1064 349 4000 4000 1470 4000 395 4000 1968 1823 699 1068 757 416 4000 1453 1085 1973 4000 4000 635 676 4000 4000 4000 1550 4000 4000
4000 4000 4000 268 1306 4000 1218 333 745 4000 1121 713 993 1820 1338 4000 1793 4000 759 878 1639 4000 743 273 543 1400 1591 4000 4000 4000
4000 153 4000 1679 1979 125 1599 1196 4000 4000 1924 1579 4000 4000 955 4000 223 748 4000 539 1183 4000 849 4000 1086 949 1325 233 1555 4000
96 457 1985 4000 135 1520 4000 1291 715 4000 4000 196 4000 4000 1112 1591 870 892 1896 43 4000 4000 4000 1838 561 4000 343 1443 4000 1455
1274 4000 4000 815 744 4000 4000 4000 896 607 400 87 803 4000 1892 4000 183 4000 4000 79 4000 910 714 1218 4000 4000 4000 647 718 890
101 1549 275 1571 4000 4000 4000 4000 1920 0 862 4000 1716 1222 1355 4000 694 1539 1483 615 1175 4000 1525 1446 1062 1829 721 1778 32 4000
667 1691 101 500 0 4000 4000 1995 4000 1439 1623 4000 1316 4000 4000 670 501 170 1766 1541 342 497 1385 1424 1944 4000 809 4000 1781 841
4000 4000 4000 4000 505 4000 4000 4000 1344 733 4000 966 987 4000 4000 4000 120 4000 190 4000 1903 4000 1941 4000 1513 4000 405 321 104 4000
1162 435 1749 4000 1310 4000 600 4000 4000 1945 497 4000 4000 1042 4000 1214 1505 653 4000 1696 1653 592 1785 4000 4000 1298 1033 1843 4000 694
1586 4000 4000 891 4000 439 258 188 4000 4000 4000 4000 1847 600 4000 4000 4000 4000 589 4000 4000 4000 4000 4000 1392 89 1811 4000 4000 4000
676 631 4000 1806 1079 4000 1802 1337 215 1119 1658 4000 1377 1504 504 1791 4000 1875 4000 1587 4000 4000 4000 587 4000 4000 676 4000 4000 4000
1075 550 352 1956 1913 1431 4000 4000 4000 4000 390 4000 544 1324 1042 606 4000 4000 37 1267 1627 4000 4000 4000 4000 425 904 792 70 1221
513 1145 1772 865 4000 1241 4000 4000 4000 176 4000 4000 157 1824 225 1199 1987 4000 1239 24 606 4000 4000 310 1434 4000 735 338 461 4000
1559 531 4000 887 4000 4000 4000 1248 4000 4000 981 527 1099 4000 1908 1324 1894 4000 664 1132 4000 827 1554 586 4000 4000 4000 1429 4000 4000
234 4000 361 1299 4000 1314 4000 571 4000 4000 4000 4000 4000 1867 1794 4000 4000 1687 1268 1854 4000 300 238 4000 886 4000 474 255 4000 1357
4000 4000 1799 446 1451 4000 1317 914 4000 1435 739 1580 90 1091 1446 1884 907 4000 1128 175 46 4000 4000 4000 547 919 1216 579 1174 4000
1936 4000 171 1734 1263 1622 4000 137 92 786 1572 388 365 1663 4000 4000 1103 1944 3 230 4000 1607 4000 150 1891 1396 4000 663 1532 1801
4000 4000 4000 4000 4000 4000 4000 732 1574 4000 1076 1146 1629 4000 365 664 4000 4000 4000 369 813 282 4000 1661 1991 1423 613 616 85 4000
4000 1883 4000 590 4000 369 27 999 658 1601 238 4000 303 4000 1175 4000 4000 4000 4000 252 1467 63 92 1442 4000 82 4000 1895 698 63
38 4000 4000 1207 1262 4000 1133 4000 4000 1792 447 148 1525 307 4000 4000 4000 1218 1354 4000 1027 820 4000 4000 1819 684 758 239 4000 1014
303 4000 4000 1807 938 4000 718 4000 4000 4000 1863 4000 4000 4000 104 4000 4000 4000 1123 4000 1535 150 932 938 826 750 1180 1585 4000 1315
598 407 1489 1841 213 1985 4000 931 1613 4000 4000 1475 4000 4000 4000 268 4000 4000 4000 4000 845 1998 1070 1777 492 1897 526 4000 1038 1073
544 1193 4000 4000 590 1250 4000 491 1738 1186 1744 853 217 4000 1188 193 4000 4000 4000 1080 347 1771 634 4000 1104 683 1314 1188 1913 4000
4000 4000 1101 1298 4000 1691 104 4000 181 4000 362 4000 252 4000 1832 1440 330 5 424 4000 4000 772 584 4000 189 4000 1517 1060 4000 4000
968 4000 1885 4000 4000 1930 4000 1209 1106 611 608 1469 93 4000 4000 1482 1858 1936 1487 1840 748 129 611 889 962 357 134 4000 1417 4000
4000 1942 816 4000 4000 363 1278 1554 1130 1941 164 1738 966 4000 155 4000 4000 1571 63 4000 1410 4000 469 4000 1258 1431 1935 1392 4000 4000
1959 1373 4000 4000 721 1530 4000 1556 4000 4000 1053 4000 4000 4000 4000 832 147 4000 402 4000 4000 4000 137 4000 946 1395 1269 880 344 735
4000 4000 1665 4000 633 4000 4000 885 4000 4000 266 551 1609 943 4000 1785 4000 4000 1700 1291 1600 1511 4000 4000 1349 4000 4000 617 484 1033
4000 1829 892 4000 21 4000 516 4000 1968 13 4000 1791 121 4000 290 4000 1056 4000 1638 312 912 794 4000 4000 88 285 732 777 459 1216
1810 1368 601 4000 4000 622 1783 14 4000 1307 1585 1585 4000 1264 4000 1388 626 4000 567 4000 895 4000 615 1832 607 4000 117 1339 1480 4000
4000 4000 4000 713 4000 1000 4000 4000 571 815 636 1713 1958 1291 4000 370 235 4000 4000 802 4000 1848 4000 37 1679 2 297 1796 898 1777
1930 4000 4000 1431 838 4000 4000 1731 1055 558 4000 1248 4000 59 4000 804 1987 4000 406 496 690 4000 4000 4000 981 22 87 1278 1375 4000
612 861 1110 791 1849 4000 4000 4000 4000 4000 4000 4000 4000 1779 4000 914 4000 940 801 545 1437 1491 1931 4000 1576 4000 4000 4000 1304 1849
