50 50
614 36 147 1311 4000 941 1597 228 1853 4000 1907 1238 1863 756 4000 4000 4000 446 1009 4000 858 68 1025 642 1393 4000 1309 4000 914 4000 1414 1528 4000 1561 396 1120 58 1993 1348 1468 1580 1254 705 999 9 1388 402 4000 1391 1411
1896 4000 4000 477 447 4000 4000 1313 611 150 161 4000 1678 4000 699 1631 1724 757 1181 4000 4000 4000 1882 487 1760 4000 1432 4000 327 379 1129 4000 627 608 4000 4000 4000 1936 1945 1206 1643 1663 787 877 266 1486 508 1547 4000 1689
617 24 5 499 512 4000 4000 1501 1483 4000 1881 612 53 64 777 309 4000 1815 1802 4000 577 1001 1417 921 4000 1684 4000 386 1230 4000 74 1405 1345 79 1461 1414 1402 4000 915 441 796 795 610 406 859 1388 715 1112 759 4000
866 894 1075 283 1815 4000 4000 1779 896 310 1099 527 4000 4000 164 732 1858 1123 1697 772 1564 492 1124 1732 455 1983 676 728 652 992 4000 1075 1886 4000 1358 1701 4000 438 4000 397 749 134 925 4000 577 646 753 4000 1769 6
763 889 56 1887 4000 511 1427 1296 1239 4000 288 1598 4000 173 1032 4000 1431 4000 63 466 487 4000 4000 4000 390 735 1615 1143 4000 1383 4000 1490 272 1205 1376 4000 4000 359 1746 512 1995 4000 110 705 1321 699 4000 752 4000 393
775 1276 763 933 245 1153 4000 4000 1853 4000 4000 558 4000 629 1764 816 1078 1037 732 380 1549 727 1971 1216 1432 4000 1915 4000 1601 703 1712 375 1537 31 4000 4000 741 532 1198 593 483 1555 1152 1923 4000 472 295 819 1066 1028
1199 614 1312 1170 1388 300 18 1302 1619 1619 4000 4000 4000 1099 476 416 4000 1217 4000 1635 1368 988 4000 76 4000 4000 4000 4000 1749 1171 1348 505 1342 216 1675 729 516 1693 4000 1692 868 1594 579 418 4000 1055 4000 1129 4000 4000
4000 4000 327 4000 4000 795 1555 4000 4000 4000 104 20 4000 1447 1795 596 4000 310 4000 1764 4000 1156 914 138 4000 4000 4000 4000 4000 578 1305 169 1332 1633 793 160 4000 347 1095 657 4000 4000 235 4000 202 4000 726 1936 4000 571
1699 4000 1285 613 1151 416 1776 1901 381 1625 36 1687 4000 925 4000 143 642 860 48 1737 1075 813 493 1310 4000 4000 896 1225 4000 4000 4000 1444 248 4000 1614 956 4000 946 857 1878 127 4000 4000 4000 4000 439 1179 1574 4000 1227
1311 1932 39 1361 798 538 1170 1694 1764 915 4000 1117 358 4000 1755 1972 1247 808 474 1661 4000 602 4000 1364 79 599 1360 1258 172 1774 4000 1040 1705 4000 400 59 4000 1128 1753 1497 4000 1796 170 1958 4000 4000 1486 4000 289 1960
106 88 4000 1774 1009 4000 372 369 1456 545 142 1055 1142 1405 692 4000 4000 425 227 774 4000 269 569 4000 226 211 1130 1712 4000 4000 4000 764 4000 1790 95 73 1988 467 4000 1000 569 142 54 1712 1104 747 811 124 1172 1038
898 651 4000 1467 299 1090 1236 4000 358 4000 1963 1586 657 4000 1375 309 658 4000 334 4000 362 903 799 1974 171 1460 4000 539 4000 1450 1134 482 1658 1998 1507 4000 644 742 500 1002 635 463 588 849 1047 4000 4000 1705 882 1493
362 4000 1953 718 774 1682 1736 4000 220 1320 58 4000 1359 1273 909 865 4000 4000 1607 4000 1670 241 1307 4000 4000 4000 1335 4000 4000 1774 856 1535 574 808 4000 905 46 1545 4000 267 421 4000 736 1781 844 1645 645 1631 312 4000
4000 1983 4000 1338 1797 255 4000 1131 1619 420 461 474 1512 1035 840 1322 1941 886 423 1454 710 402 1026 1003 182 1870 4000 384 1500 517 193 4000 499 1802 868 1854 56 1674 4000 1233 93 1003 1707 1163 4000 103 41 4000 547 4000
989 4000 423 4000 1818 605 1884 4000 4000 4000 539 740 4000 4000 98 4000 449 155 127 990 1388 1778 1993 4000 940 4000 4000 981 1122 4000 4000 110 1673 1426 1682 4000 1589 1566 1512 135 63 4000 432 91 204 531 545 653 4000 229
1643 4000 7 4000 1396 947 780 4000 1929 1902 566 488 4000 239 1914 1251 1286 1502 373 355 4000 436 4000 1627 4000 4000 1715 187 4000 1958 417 19 1145 424 4000 97 4000 4000 4000 413 4000 371 901 577 167 815 1828 4000 1874 4000
4000 625 194 4000 1809 1837 1053 4000 24 1430 1037 1999 1006 4000 422 1776 1836 907 1324 1641 1321 4000 12 221 908 4000 593 736 747 24 494 1670 649 688 555 14 525 1165 1537 4000 151 4000 4000 1158 4000 83 933 1704 4000 256
4000 1868 588 914 89 1496 650 4000 1789 955 4000 282 4000 26 4000 737 40 1053 4000 1134 4000 4000 1707 820 768 4000 460 1258 1279 4000 1071 180 875 1216 1094 4000 712 1301 317 57 255 138 4000 437 164 868 1174 205 1478 1075
1339 193 4000 603 4000 1010 1735 1030 1825 4000 36 896 4000 468 111 4000 989 380 702 1307 4000 957 1002 4000 1394 1166 760 124 928 4000 1200 1825 430 1442 1985 557 9 1719 4000 4000 4000 1180 286 596 1649 4000 1555 194 4000 4000
1058 330 770 59 665 1722 4000 1425 1846 4000 1219 602 4000 4000 4000 1519 4000 1611 4000 1349 1001 4000 86 1288 794 1292 1243 4000 1486 1578 161 101 1909 932 160 573 210 943 1556 4000 211 774 658 1746 1981 4000 4000 1743 1427 4000
649 4000 1815 735 1272 608 1584 514 514 4000 92 675 727 1558 1164 888 4000 1374 4000 1243 1430 1599 1575 4000 4000 1555 1461 1281 854 444 897 1503 4000 268 1795 1258 876 1378 1772 947 4 4000 4000 731 978 4000 1176 223 160 564
1466 4000 4000 4000 348 178 4000 1366 4000 563 1367 1913 1623 4000 4000 1418 609 614 352 381 1561 1914 4000 1183 4000 1895 1527 1821 117 1244 4000 1140 1948 1219 4000 295 4000 1446 1218 856 1566 584 4000 1189 1936 506 163 545 4000 72
4000 237 1987 1842 978 631 4000 504 8 1410 1305 1508 550 1252 726 1845 4000 122 847 321 978 413 462 1304 1602 397 1367 1322 4000 486 1394 982 4000 1380 4000 1258 4000 1674 4000 1134 1084 623 641 1191 4000 1367 1035 535 1489 1439
413 24 1852 875 885 1010 4000 251 331 4000 294 4000 311 574 662 4000 1833 230 365 4000 1364 1006 4000 1562 1754 1206 928 345 1299 1974 4000 1712 4000 1636 144 439 4000 974 247 4000 1860 541 259 1728 4000 479 1977 62 266 1900
770 1630 4000 101 1191 216 865 1676 561 163 1649 4000 4000 4000 1539 1576 1643 184 106 1448 4000 4000 1989 535 4000 4000 1014 1228 1838 1280 4000 4000 466 1589 709 4000 1805 1131 4000 4000 4000 94 4000 4000 1298 1807 4000 498 1991 4000
1946 266 1489 1491 358 739 1267 929 1967 1104 1766 650 1269 4000 4000 4000 1002 43 4000 1448 1967 1961 1542 235 686 397 4000 544 4000 1590 509 4000 4000 1998 1888 4000 737 1154 699 260 1816 4000 911 1084 252 1150 4000 4000 750 1286
258 4000 1246 4000 4000 1932 1754 550 4000 205 1697 542 4000 1109 539 47 879 833 758 1135 1094 4000 1156 4 1658 1408 4000 4000 218 1461 1119 476 0 364 1834 1801 1853 4000 1909 4000 1793 1605 1985 394 4000 80 1999 1150 914 757
1843 7 1330 998 1569 4000 406 4000 378 624 1297 4000 1101 4000 1419 491 389 1271 77 297 4000 1870 1903 4000 4000 173 778 1820 4000 1249 133 722 4000 1464 1721 381 1565 4000 4000 1943 307 4000 1440 4000 102 415 1456 49 1686 4000
346 4000 4000 1806 210 338 1979 4000 1716 416 4000 4000 1138 606 869 858 987 1992 541 4000 1934 406 718 930 4000 377 1345 384 426 588 4000 330 101 1992 135 311 1888 1672 857 1160 87 650 565 782 1257 4000 4000 1801 4000 1296
1005 473 1702 1280 1404 630 4000 305 4000 1641 450 4000 4000 4000 4000 1663 420 1038 1334 1277 197 978 1484 320 1761 297 1312 958 4000 4000 1811 4000 324 1513 4000 1285 4000 1153 1148 270 793 1598 1873 320 4000 4000 1984 126 4000 874
960 1816 1853 443 135 4000 741 1447 1685 396 1298 1495 1056 1623 564 552 907 263 1705 4000 90 4000 1210 4000 375 4000 986 4000 599 604 4000 1559 419 642 1 555 4000 4000 1559 1496 252 857 547 865 36 4000 1417 500 4000 679
112 1023 734 879 4000 4000 1795 1085 1468 1951 1689 4000 1509 108 4000 1067 4000 267 924 1779 1320 4000 192 1867 1599 228 535 4000 286 1468 1251 398 4000 4000 1277 4000 1094 628 1675 118 578 920 1933 1644 585 831 710 362 655 1191
141 1975 367 1891 1398 4000 119 1934 4000 405 958 1789 4000 4000 4000 1194 1151 4000 1822 4000 98 1957 1303 4000 4000 4000 418 1867 1808 4000 1058 4000 1047 982 1396 445 504 1515 4000 598 1477 893 1944 1394 1455 1274 587 605 1254 408
4000 1353 1922 1848 940 1078 849 4000 4000 656 1989 1560 161 4000 98 1558 4000 602 629 973 757 1664 4000 701 1057 877 1532 4000 1039 785 1610 1584 1695 1532 988 192 609 1838 1551 1111 4000 1096 670 212 4000 325 1770 726 484 398
1256 1242 61 4000 1500 676 4000 1031 320 4000 1373 1930 1292 625 1018 280 817 1628 4000 1925 295 4000 4000 523 379 4000 848 4000 4000 4000 1662 1806 131 1723 40 1631 4000 1153 218 4000 861 4000 1763 4000 1773 780 1547 4000 4000 1664
4000 4000 1389 1091 783 1325 1800 4000 1031 4000 4000 692 153 651 1972 194 1839 1928 4000 1614 202 1322 762 4000 1031 534 302 578 4000 266 1799 751 83 744 1842 423 69 4000 1612 657 1547 131 1349 1257 340 877 1451 1736 804 354
1350 564 1676 1669 85 264 202 1945 842 440 1769 197 1192 4000 942 4000 275 4000 4000 1887 1668 1335 1575 4000 591 1472 1450 1600 1208 254 4000 114 375 1187 1783 4000 1008 1542 1963 1850 1983 1731 46 1174 4000 988 4000 971 4000 1552
414 1223 886 4000 1796 1035 4000 803 191 225 4000 1702 339 989 445 4000 1006 1453 1664 4000 859 1203 1813 4000 376 509 1451 4000 1037 564 1249 4000 1344 4000 4000 4000 4000 1573 1500 4000 4000 4000 4000 1695 659 621 1374 1222 74 4000
1748 490 1797 1117 4000 172 1626 1962 1869 4000 4000 1117 1672 1869 4000 226 122 1092 1799 1622 1567 1154 1292 1743 849 1951 4000 4000 4000 1552 373 4000 42 169 1151 995 1899 334 513 1324 554 1038 4000 225 4000 807 8 586 1456 4000
1766 1022 4000 1057 321 4000 565 242 1146 1295 1794 1519 1772 1393 1245 4000 1946 1143 813 458 466 1367 1054 464 4000 4000 1271 1157 4000 4000 521 4000 1306 1482 4000 1628 4000 605 1427 4000 1900 777 626 1228 170 1871 1264 115 1013 77
130 1036 4000 1184 1501 4000 258 328 1307 1477 612 1828 459 4000 4000 499 4000 828 661 529 378 117 4000 561 902 1033 4000 4000 1148 4000 243 836 37 1244 4000 1095 951 1836 4000 1816 869 35 1200 1328 1511 66 1385 4000 451 4000
1142 4000 4000 447 948 622 4000 4000 788 185 4000 588 1021 1532 1390 4000 626 340 1991 1607 155 4000 1199 913 4000 709 536 1128 4000 4000 4000 463 1374 8 467 322 187 1948 1259 4000 1691 4000 678 268 285 67 4000 468 1966 1971
4000 1678 386 4000 590 130 4000 1126 815 417 113 1103 4000 4000 668 905 4000 856 409 181 4000 99 935 4000 4000 777 1249 4000 802 1214 319 434 891 705 1264 1039 4000 4000 4000 4000 334 4000 4000 329 879 4000 1234 1802 949 4000
1984 4000 1300 475 1075 1225 1252 323 4000 53 1094 4000 44 1986 1712 1309 581 103 4000 745 4000 4000 4000 1179 1003 1016 1272 4000 817 220 4000 357 1672 293 832 746 4000 1641 627 204 1252 1721 1211 4000 1263 922 4000 1844 1025 4000
4000 336 1619 283 1072 4000 1299 343 4000 4000 120 1852 30 1792 1702 419 94 333 4000 4000 537 1312 2000 1748 607 1262 226 769 1106 1252 4000 4000 1145 4000 1092 4000 1510 4000 4000 1925 1620 4000 1333 1207 1585 1034 1184 1236 1367 0
1515 1461 112 1514 766 4000 332 4000 4000 4000 4000 1873 246 945 760 1338 718 4000 1285 834 1751 462 627 1083 1669 1769 4000 4000 562 597 4000 76 4000 1322 1590 4000 4000 1479 1373 1758 474 1174 1187 720 118 1948 1616 837 4000 4000
1228 1082 4000 1413 4000 145 4000 1396 554 4000 1550 1765 1376 1608 1086 522 1546 241 4000 919 1557 475 1650 743 752 1768 4000 4000 161 4000 382 1390 217 858 359 1939 560 4000 1334 672 840 441 4000 1773 1606 1079 295 4000 1321 296
70 4000 4000 1720 4000 1080 1044 982 1005 1206 560 944 152 777 4000 511 715 1477 1608 4000 148 4 47 141 1778 4000 1220 1630 361 97 1926 1989 531 1811 1265 1266 890 4000 247 1452 4000 807 1953 781 1141 869 1292 1413 4000 899
1019 50 461 623 191 4000 1834 968 1425 1752 1066 1350 1741 1597 1160 1005 862 1607 4000 1109 616 1943 4000 4000 723 613 994 4000 26 896 28 602 946 489 783 694 4000 173 1663 1709 1925 285 615 1665 1882 1332 227 4000 4000 1098
967 1111 598 440 1237 878 4000 230 450 193 684 478 4000 1187 524 4000 1882 365 866 1101 73 790 1386 245 4000 824 1134 239 4000 1629 1337 1650 297 1935 1647 1534 4000 4000 1321 820 7 1562 1298 360 749 1379 1053 4000 1744 1919
