99 99
1781 155 1311 4000 637 1449 746 144 1055 1191 905 922 128 196 1447 213 1355 1736 1391 1979 1181 951 1426 1238 1581 1408 1371 1977 416 1585 1489 196 1297 356 254 1934 1806 558 1635 860 1306 539 1339 1435 293 4000 1205 1648 78 595 1183 1259 1546 609 53 683 1574 1424 660 1548 565 1706 1301 1419 61 4000 1352 1424 1671 986 1841 976 1083 1180 410 1376 1523 1172 580 1601 1768 1764 416 4000 1930 470 1554 1060 1451 4000 607 1574 4000 1909 992 1537 4000 1902 518
4000 887 358 1667 1527 1095 1635 4000 617 806 1483 1775 4000 803 191 1001 732 218 111 1792 1669 1882 1957 1242 1357 1865 1792 450 885 4000 968 1133 136 1327 4000 1664 421 4000 565 4000 354 4000 1928 41 4000 1676 599 696 1894 710 45 1563 591 1559 361 1948 1423 152 1956 1865 1402 923 997 1539 1807 1353 1202 1786 901 1324 1939 812 929 4000 853 893 1542 1453 4000 1435 162 749 554 311 307 916 4000 1287 625 1771 1151 4000 251 1705 1123 57 614 324 1843
1515 1648 1781 326 4000 1647 1180 584 745 189 1288 179 351 1594 734 219 1458 1207 35 744 4000 1363 1452 973 1614 1156 95 1672 1770 4000 1071 842 1182 4000 1168 872 55 1905 4000 800 93 300 536 4000 1894 827 221 1351 1591 4000 1652 980 734 1103 1510 347 258 1606 1576 1586 1139 647 427 320 4000 1152 1193 668 4000 205 1025 707 506 1118 709 1957 1946 488 865 1536 4000 516 72 592 1177 1583 497 4000 1188 4000 577 326 276 561 4000 889 1714 1397 1114
327 1159 138 1034 1222 1257 1744 1179 759 1789 1601 294 1647 1674 367 239 850 1950 293 4000 694 1923 1977 577 4000 95 781 645 1809 1735 1317 135 894 4000 1169 115 1826 469 4000 584 257 4000 436 1462 1683 803 1258 532 309 1551 1932 560 1473 1466 694 1229 4000 1476 1432 4000 767 4000 1061 1661 1760 1787 1334 1143 256 184 1727 70 193 162 1532 1876 522 789 1965 388 1897 1897 505 1370 1362 1200 155 479 675 4000 1848 999 1892 465 660 1209 251 1551 351
64 1292 77 135 1485 1798 1224 917 1877 1571 882 265 1467 335 770 836 1254 1970 549 1733 201 135 1137 1201 1585 1602 1418 793 1410 525 1144 1475 1817 778 1167 859 132 390 1776 4000 1961 214 274 985 106 601 1821 1360 128 1927 4000 329 62 1786 1087 1204 944 61 1997 354 586 697 1386 403 1032 4000 4000 1165 499 594 731 17 4000 1005 1002 472 1163 379 1390 1291 306 38 1178 1926 1825 264 1129 325 1884 682 236 4000 4000 1622 429 1968 1731 1248 1132
1788 1843 1863 4000 1766 424 363 1795 1145 299 4000 435 4000 1223 4000 87 604 992 773 929 875 1455 1166 1344 390 344 4000 358 1633 1021 1047 1420 420 467 781 1743 448 701 1538 1150 4000 721 1586 720 1501 312 807 104 1304 1138 4000 178 592 1314 1523 540 1215 853 455 847 1874 1059 1824 1852 1083 604 1594 1089 862 1131 238 1420 4000 1381 139 910 4000 503 572 997 1641 1163 1176 1791 33 255 330 1248 1108 342 95 538 1401 1919 389 484 80 1984 1573
942 671 1811 361 80 749 57 991 4000 4000 1120 1439 201 4000 171 1992 1873 1984 1879 1120 648 220 772 1187 1179 691 4000 1663 328 673 792 827 1345 159 4000 1425 908 1246 1973 907 1364 1092 346 1566 931 74 1114 360 58 993 1481 706 1213 252 1450 1949 500 583 1611 828 1256 1960 1213 600 1677 401 1583 141 1204 1555 1049 568 204 952 1691 692 1026 804 1053 641 1354 533 1348 567 342 797 4000 400 1380 1684 785 193 1200 1998 4000 433 1956 375 575
717 1488 1181 4000 1249 132 532 1941 715 4000 993 1357 247 1083 704 371 983 1058 4000 1383 4000 1684 1725 188 884 4000 4000 874 1235 471 4000 1952 1959 186 793 1207 1876 1325 704 591 1776 1255 1948 22 337 4000 393 877 823 836 1817 375 520 1542 563 961 821 1102 1392 55 1130 398 7 1088 584 800 1852 17 1683 555 608 1458 1810 112 1480 1705 1878 1430 4000 257 265 1956 633 342 1497 4000 860 317 1855 252 372 541 650 1937 1629 791 737 1037 808
1977 1150 973 4000 516 1085 470 220 519 1900 359 777 1722 314 1410 64 4000 162 924 1242 1575 1176 1614 115 1383 1108 1302 4000 1845 338 539 1378 1045 1513 811 1562 154 1281 1339 674 737 1698 1008 458 1569 1975 522 4000 136 4000 1735 1268 1737 906 941 1120 13 242 851 4000 137 1390 792 1183 459 1160 744 614 1998 82 845 734 1338 1410 1192 463 1384 1272 957 1077 1833 691 345 1569 4000 1286 245 1167 1085 1096 138 779 43 930 1962 59 89 262 4000
86 1903 1075 377 1240 41 1127 1703 1425 1956 4000 502 1788 465 847 4000 1619 1690 1602 343 331 254 481 1110 4000 1412 629 1915 4000 891 144 702 793 4000 1079 1590 818 1763 850 243 1718 1066 302 4000 1088 706 418 707 395 19 1050 283 4000 1531 950 1686 499 1579 1157 1558 27 1301 1817 820 1635 895 1968 453 215 817 253 1933 1440 555 995 528 818 1413 792 770 989 1842 1053 4000 929 2 61 1429 1139 1218 543 1166 519 359 1543 4000 811 1510 163
1026 326 1974 959 1324 85 1511 1852 4000 4000 643 1673 1912 41 282 4000 970 4000 792 1956 1424 9 498 589 85 857 131 1797 1669 4000 1517 694 1082 1048 1210 405 1133 720 1814 1594 1200 13 4000 1111 4000 1106 1399 582 1391 4000 537 371 1314 1036 517 4000 1893 4000 753 1118 1404 1827 1813 486 874 4000 4000 1565 857 262 715 4000 275 1538 725 1888 643 123 469 1591 1871 1006 1519 1184 41 35 140 1492 4000 450 609 759 277 4000 802 1151 115 1251 272
972 1070 987 585 1345 82 1310 1232 725 990 1258 1874 860 4000 1392 4000 1863 985 4000 1354 340 1750 1521 1099 26 4000 1902 734 1171 4000 564 1700 1779 1108 285 1123 1190 1152 1913 1473 4000 1170 1346 559 991 294 1718 854 1279 1017 1765 1176 766 4000 275 349 4000 1734 1083 1069 442 1647 326 220 755 168 900 1502 1320 812 974 4000 1540 319 1579 530 171 853 941 1007 1870 706 183 192 1548 458 541 1446 1749 1182 72 4000 385 1956 410 4000 123 4000 199
1443 1237 1173 462 776 1050 1598 863 778 450 1805 1785 1878 510 1968 69 1615 1983 168 4000 4000 1350 690 1478 1292 202 1445 1990 325 312 188 4000 1549 918 4000 324 4000 941 744 302 1392 548 1645 1269 1058 1612 895 230 1152 1063 848 439 1970 1095 1918 1262 1297 1362 1251 1622 4000 996 1389 779 1471 733 4000 553 4000 4000 412 622 4000 56 1891 568 1226 343 798 1935 963 1646 4000 933 297 1848 1752 1594 767 4000 1215 4000 1555 160 334 4000 450 994 692
124 1956 1105 746 1466 4000 4000 33 1944 537 388 1435 1057 1591 4000 1990 1888 1213 1741 1038 1980 299 252 1535 1411 1970 1869 1551 420 419 242 544 375 904 847 4000 1623 1041 1431 1123 1135 1819 558 1750 966 1924 4000 853 693 1037 1448 4000 893 1700 1765 4000 1226 1633 969 1646 51 1211 1747 1984 1673 594 1824 852 1192 811 1975 1885 629 4000 1634 1152 1570 929 1562 263 1966 1009 493 416 265 257 1835 1492 4000 803 1137 1055 1571 441 1039 1243 1035 419 94
1784 4000 1627 1668 1417 4000 1301 569 843 230 1688 1106 1753 697 4000 4000 962 970 1560 453 416 4000 1148 1028 1934 1589 1624 733 180 43 4000 1964 831 11 1632 1805 1284 4000 1931 126 276 1619 789 29 315 1502 1312 834 471 872 4000 444 4000 1993 1473 281 1581 653 1015 1761 253 1400 1724 1084 968 912 4000 251 1402 376 1936 1678 1552 281 1264 1867 1784 576 258 254 1005 1103 256 1796 1095 1286 77 232 1939 649 1993 192 4000 1273 833 1016 1743 4000 824
1144 1213 316 378 764 598 1200 188 4000 1333 446 192 337 4000 5 132 200 4000 1767 432 1230 415 1982 979 463 1254 1812 1036 553 4000 1418 1254 1418 1734 1633 181 1889 389 1927 1827 1722 1930 1577 58 1035 4000 190 1235 430 1515 1667 1217 1930 1648 195 1951 459 1564 543 1012 1769 1961 266 4000 1252 1456 1368 697 1845 851 4000 4000 781 100 4000 1816 1239 928 1051 1669 4000 274 442 372 1480 637 322 1496 201 865 64 1527 383 1888 713 1192 1343 1638 1889
744 488 412 1867 1269 69 604 642 866 1533 1693 91 1532 1524 534 1904 1003 1171 1783 4000 929 205 563 456 145 450 726 1337 1351 363 1225 4000 851 1195 1076 1678 821 1680 319 1687 769 1569 1779 301 1092 1870 1762 1653 597 1102 1708 1084 864 270 1540 1009 278 4000 345 1186 0 1127 394 1036 321 1470 270 1143 707 589 386 1476 157 1722 1334 807 1591 4000 459 4000 1312 166 1272 175 1995 368 4000 1830 190 1086 572 4000 1770 966 968 1649 436 4000 348
700 1385 734 1733 1100 456 624 1907 46 1277 365 4000 4000 4000 1063 320 82 1431 1061 1469 1178 146 40 1553 4000 1007 78 1121 1000 874 1026 1700 1816 1761 1432 4000 4000 55 378 1377 889 300 1169 1034 389 1789 1354 28 777 414 1498 1955 117 1538 1065 1591 101 700 268 4000 1574 4000 357 946 4000 1790 4000 1943 1402 1797 876 1849 1655 1602 882 1601 1391 236 1629 167 650 683 121 768 1779 1186 1916 1880 1886 183 538 1016 1035 895 1520 1204 241 938 703
1644 291 1580 1492 1946 1181 4000 1546 571 4000 732 295 817 972 417 1142 750 1160 4000 187 603 797 725 1176 1833 4000 695 593 1419 4000 4000 1062 1482 876 110 1427 1614 40 530 185 207 1262 480 581 233 454 1723 541 1172 336 728 1775 1133 1010 4000 522 186 1203 1116 1605 4000 1970 223 1431 845 1891 415 15 1932 502 4000 1696 1764 238 4000 1554 692 1113 1652 1864 1449 1937 1195 581 946 1703 1104 1133 462 1777 294 411 1746 518 1843 147 4000 1815 162
1897 316 1921 1149 1637 158 982 747 407 4000 399 271 1100 1893 1023 1682 839 725 342 1529 4000 118 1380 1599 1421 1898 998 1125 1864 369 1287 1760 685 764 466 321 922 1448 625 887 1100 581 1158 4000 474 180 4000 1313 463 1780 398 1650 1455 1778 805 432 4000 1360 1557 653 1729 401 412 1971 1165 878 1849 1645 1884 474 531 983 1055 1246 4000 1529 983 177 398 1446 1957 353 653 969 1689 1015 4000 921 375 958 1574 1661 4000 1543 4000 80 1979 1037 1282
1419 1511 1813 401 123 1058 1140 1209 1599 1317 1165 4000 831 1518 1697 1800 1206 269 4000 1684 644 1715 814 1862 1073 4000 1050 711 1450 1645 1993 4000 712 1363 1269 835 1978 1966 1602 4000 840 4000 620 1228 283 1874 1027 1047 4000 1784 287 343 4000 659 1763 4000 573 812 396 22 456 389 447 1169 1752 1273 1561 1729 1238 4000 862 4000 1928 1482 862 1769 912 1446 815 612 787 659 512 285 1318 274 1971 1448 644 367 1027 657 313 4000 1826 1622 746 944 1350
1542 105 4000 1176 1591 1250 1596 1359 1720 598 1731 331 1385 1947 4000 1227 1265 675 755 269 1319 679 1297 1976 992 327 1359 613 4000 302 1520 4000 1965 1289 1348 1112 538 500 27 1815 656 1315 1703 1598 1262 103 825 83 778 4000 352 1654 1816 1206 4000 807 1534 544 977 164 403 496 336 1926 1785 1241 4000 1881 1742 1065 1695 1955 1937 955 1552 1198 1058 376 4000 4000 1070 1191 1046 885 4000 674 1249 1044 776 225 1208 1179 722 1101 1104 63 342 1699 1944
1641 4000 1196 1595 699 150 1146 1455 765 1080 292 600 149 1040 1646 592 4000 1877 1841 1595 652 66 360 1389 345 1461 492 4000 1360 190 1467 4000 510 662 151 767 369 1298 4000 1134 1935 70 1291 1641 4000 493 232 1219 4000 73 370 136 1697 730 1525 1599 1749 1574 4000 1108 1322 1030 108 1832 1249 1817 155 1175 1114 1934 1866 605 1562 713 246 229 1206 35 1005 690 108 1375 4000 1362 105 350 517 1854 1481 1639 518 802 668 183 191 1475 1 346 206
671 1838 72 1277 1399 342 1080 1185 1549 1115 189 4000 781 1121 4000 142 783 528 217 193 8 1856 712 368 80 4000 559 1112 895 4000 1319 4000 299 948 843 1698 1290 1480 4000 395 594 628 190 4000 1750 368 4000 532 896 1292 726 462 1147 995 830 784 4000 946 1897 785 1408 772 1909 1708 1720 308 962 566 4000 1402 4000 381 4000 709 1757 893 1078 388 983 1974 4000 1266 1993 383 260 822 1167 149 1768 620 491 733 1392 399 440 1111 264 959 1678
51 4000 196 1991 1505 905 1747 1955 1540 1692 937 1514 1371 202 4000 1311 462 1886 34 169 1210 655 217 1943 46 174 1940 715 4000 899 1950 47 4000 1703 37 1878 4000 1341 1833 1705 1032 769 775 402 529 1838 1270 991 1723 1304 717 490 1516 492 432 4000 666 372 1835 1104 1271 1341 4000 1644 4000 4000 1522 1207 85 1354 468 1117 1680 1243 1076 208 4000 345 1200 360 1207 1474 850 722 1966 1283 1842 4000 1212 1233 1293 482 573 1 1683 1173 746 1204 1938
831 4000 405 1506 1795 1649 581 2 286 927 759 646 133 1791 1497 855 1756 779 4000 1945 1991 1487 794 29 60 351 1269 1233 654 30 1170 1043 144 1133 548 1939 4000 1129 1499 1067 4000 257 1270 1746 4000 766 158 1361 4000 412 862 649 1899 1656 235 1516 6 1505 749 661 1535 1476 1704 1679 165 1809 1175 946 937 4000 1570 4000 487 4000 295 92 1163 453 1453 265 865 314 914 321 1527 1150 1837 1090 211 4000 1308 1746 1619 568 981 1784 376 1713 287
1314 1943 1414 1864 430 1811 1716 4000 974 169 1089 796 591 960 1710 912 4000 416 749 1576 627 448 441 1930 66 4000 911 4000 1386 623 1252 256 566 222 1677 553 33 1392 632 564 1118 4000 1360 1710 237 626 178 723 1043 484 1856 4000 4000 1854 1157 556 863 67 1521 1806 247 4000 61 4000 4000 1295 923 142 686 1112 706 1805 4000 1623 1071 626 248 806 4000 848 1291 4000 75 1781 172 1232 336 1035 856 1415 397 660 1744 15 1031 1853 1310 4000 1995
4000 1066 257 1358 1012 1880 1986 1639 1686 791 101 533 4000 1978 608 1419 150 1397 1313 742 1810 727 1140 470 27 1155 1501 1881 22 1011 1432 4000 1634 1247 933 646 1126 4000 1842 811 1709 1500 902 1348 1478 1510 4000 1628 464 78 1927 1831 4000 1066 4000 390 1779 1358 1828 1801 1927 816 1376 1560 62 4000 205 746 1226 1604 1557 934 1104 458 281 581 1526 605 1766 1547 683 4000 1377 1046 315 792 993 1651 149 820 1008 1633 1193 383 1193 1256 248 955 1
1474 559 1115 4000 1220 1131 1804 1801 213 1966 1123 1760 648 814 693 1251 686 1485 243 336 1192 4000 1344 824 1814 1727 1574 1069 4000 529 627 562 645 1742 84 1865 872 1888 1222 1085 1853 1902 401 57 715 652 1309 1402 136 1109 1738 885 1730 639 1710 1100 4000 1283 1726 1455 1369 352 16 1571 1651 100 1435 80 1545 213 722 954 114 1124 569 387 4000 1878 1346 1469 543 1083 354 1830 1279 1621 929 4000 460 654 213 1830 563 229 1400 1772 4000 392 1852
1432 162 573 1944 277 1254 4000 221 586 4000 1567 55 489 206 1967 1877 1486 4000 805 244 46 1017 457 1433 1137 686 833 908 130 782 316 1563 944 890 1063 778 1701 1575 556 287 4000 122 1900 1124 329 1866 1000 1372 1009 1363 1616 612 379 72 45 1073 4000 435 1539 446 774 1855 1566 1718 4000 628 4000 2 1760 609 289 837 732 1746 1961 618 1168 518 4000 176 1881 1162 345 4000 791 390 889 1106 382 427 1552 1156 1840 674 431 583 859 484 142
618 4000 1989 4000 1382 1734 530 1557 901 1048 1103 4000 485 4000 4000 301 612 927 747 1719 867 732 827 22 4000 1502 453 711 360 937 854 536 1588 842 1548 526 133 1635 1641 1034 239 743 4000 724 565 1763 4000 1177 246 1330 895 1113 61 1280 1136 189 781 1146 900 4000 1641 1311 791 1228 153 1897 4000 286 1531 951 877 1771 1252 4000 494 1817 1422 1077 550 1226 406 1003 338 4000 282 1031 213 620 177 670 875 1818 1982 1667 602 1692 4000 1913 1978
1093 421 411 4000 1673 4000 472 1046 1050 1549 1596 1833 1512 155 171 1093 437 759 1306 614 936 1533 1490 753 1514 1156 1355 1205 275 825 739 1368 803 708 1346 475 4000 1818 1078 943 923 230 776 434 386 504 1527 823 1263 389 995 199 1922 484 509 993 1197 1422 197 4000 246 494 396 1049 1202 1742 1081 4000 1116 158 4000 38 388 813 29 774 1317 1556 1155 137 1502 149 336 1424 190 845 416 1387 1824 170 415 69 221 811 675 4000 110 4000 517
783 1471 112 822 1417 925 851 190 1800 1965 902 1937 1466 608 4000 446 798 231 862 1742 4000 590 156 4000 811 525 357 1792 192 1670 4000 4000 1141 1978 1797 557 460 205 4000 259 169 764 1753 1192 1372 4000 1639 4000 1370 57 1469 982 647 1183 664 1016 1708 578 807 1457 1805 672 4000 502 207 1786 616 667 1991 478 926 1717 1242 235 908 613 1374 546 340 4000 161 1810 840 808 992 1061 1381 256 1639 1745 1713 1000 4000 1701 1503 624 1486 118 1291
4000 596 4000 749 1838 1566 1215 8 939 4000 1906 796 1479 1272 1636 1845 1821 696 782 76 1892 527 1346 449 944 1047 1952 1125 532 1627 1973 1123 1781 4000 1429 1175 868 643 4000 1364 1519 1089 1717 554 360 910 398 181 4000 4000 1815 1055 1265 1161 1504 208 1765 1012 890 1854 638 419 976 418 1279 405 1151 146 4000 333 1067 123 979 783 678 897 1250 633 635 413 1371 449 1468 4000 1167 4000 400 931 1097 847 785 1735 823 1761 1711 101 1723 861 1805
328 751 428 8 1731 1212 243 184 18 877 819 431 1805 1268 1899 1998 1993 1984 1955 923 1080 802 1265 372 1625 1026 1640 1284 305 57 1088 633 808 1517 642 95 285 442 1837 303 1319 655 4000 681 1481 190 678 1473 1732 632 1953 811 991 1218 740 173 1801 1937 1457 105 1994 544 739 359 1618 938 11 1903 1380 1849 1764 256 4000 55 494 1541 245 1172 570 1977 1361 523 345 352 1741 642 4000 1541 4000 1539 1646 129 1640 4000 488 1258 436 57 717
1374 1906 37 4000 1523 92 123 1064 4000 852 4000 1872 1770 1714 1774 1679 1011 4000 1761 551 552 1299 1755 681 939 1253 4000 1754 1690 4000 27 620 246 65 1807 1769 157 1487 389 52 338 1581 1925 4000 1294 1255 1344 305 1228 1104 413 1337 403 1725 18 899 4000 4000 209 4000 643 236 844 4000 301 650 1772 16 4000 1719 68 31 1299 1550 1696 149 4000 4000 11 1590 1701 1983 927 103 1707 502 559 241 361 325 22 1004 561 4000 1007 420 1073 778 436
766 4000 61 4000 1352 1612 50 1502 1974 646 1070 4000 346 1052 1604 6 316 105 122 557 466 447 580 1027 566 1003 33 986 4000 812 979 1957 4000 597 311 217 208 1919 1719 1739 121 788 416 25 1398 19 4000 1714 125 1712 4000 148 158 407 4000 281 1411 1209 824 601 1578 1803 557 443 400 425 660 165 343 1936 1462 22 280 1878 47 1678 1454 1636 948 1579 1347 776 1285 1063 1183 17 1344 150 783 168 4000 361 1528 866 361 1928 1291 578 1651
1192 70 669 1214 4000 103 1261 4000 1557 896 90 693 1801 4000 1978 863 49 1995 206 199 777 1932 508 695 1460 931 613 944 1779 1191 594 970 1261 1263 1741 1169 1366 558 311 480 1012 401 1173 812 1268 1150 1675 1317 701 1438 1073 1035 1370 1138 1288 829 68 1901 1773 1848 1092 1925 4000 1910 1187 115 635 110 230 946 590 1242 905 1320 53 172 469 1285 1046 727 723 1676 4000 92 814 4000 478 4000 507 250 1844 1156 1732 1776 1065 476 1448 1258 586
1678 203 733 920 1108 52 530 837 78 1816 1883 362 538 4000 1681 4000 4000 4000 222 1926 794 29 1327 1950 1762 1102 571 237 549 1829 823 226 4000 1113 4000 254 4000 1234 1092 357 4000 531 719 1144 1647 399 888 1133 686 1110 616 1480 1139 1943 986 900 1044 1558 1137 1150 943 1517 1376 532 186 79 344 908 870 993 1265 1919 1524 1541 4000 728 1941 1507 1418 626 173 33 1664 869 1533 206 1327 576 1764 20 1283 264 1095 216 4000 1281 295 697 1747
722 1690 568 197 771 109 816 1499 1607 4000 473 1790 4000 4000 1010 478 4000 1217 1362 173 4000 1383 1456 801 477 1672 712 1315 1524 1409 4000 1803 656 4000 2000 1427 853 815 482 459 251 4000 4000 1861 1019 4000 1897 616 32 4000 789 4000 640 4000 928 674 1031 1640 1990 111 1048 607 1915 4000 1794 1914 4000 203 286 726 219 94 1239 25 1956 1815 841 1852 430 873 666 4000 999 1307 578 1927 1538 1166 1566 1527 834 171 1692 305 989 1042 219 1234 1246
62 1960 1465 156 755 1490 1669 570 330 1077 1000 4000 1744 1777 1760 607 1912 1243 144 634 366 1229 1468 537 920 1774 1526 4000 1550 316 1207 1169 1834 229 4000 588 4000 551 715 1607 1628 1273 1924 928 606 4000 1535 517 483 1237 708 849 4000 1733 943 942 1063 25 903 169 342 1668 4000 175 1897 1778 320 4000 328 1036 778 1513 308 702 441 914 1942 1533 988 424 769 1253 1273 791 985 215 4000 48 241 636 1775 583 303 670 315 1757 4000 635 1371
332 1671 1707 1845 1979 408 1843 449 349 933 1437 331 1259 689 1604 50 1232 1377 1340 837 1618 1533 611 1758 1393 1281 72 1149 1728 707 77 1617 1936 1784 4000 1914 191 861 1921 97 1794 1357 428 1053 1604 1590 4000 835 966 2000 1672 583 1533 282 1898 4000 1121 1970 74 405 233 151 22 168 1492 1484 1640 1240 1902 1560 4000 1253 916 1323 305 76 912 522 4000 1435 521 4000 4000 1611 422 4000 536 1543 1441 4000 1948 1231 1876 1970 1400 1367 1010 4000 163
469 598 4000 4000 1071 379 26 1148 848 105 58 282 626 198 1857 1795 4000 885 1888 1277 1883 54 1224 1114 4000 751 513 410 1318 1109 573 1787 1707 1630 1508 777 9 4000 4000 414 4000 1098 254 4000 4000 1668 1174 1473 4000 618 306 435 229 1530 1549 4000 4000 1619 1683 713 727 255 499 433 4000 1565 768 1451 655 1807 1423 1409 904 4000 345 1757 1344 1076 4000 1454 1694 1092 1890 1923 622 995 4000 16 614 877 729 898 689 786 4000 130 350 1214 1582
562 1020 561 1528 1925 237 1873 1681 1138 948 467 149 198 4000 38 120 1738 590 872 4000 761 1306 40 1660 1995 826 548 125 733 1762 1264 1296 4000 1825 823 262 1619 696 1944 313 4000 1968 462 1400 4000 500 1077 821 648 1950 132 1409 812 172 1068 807 556 4000 489 1289 934 4000 141 1716 1134 965 1978 752 1218 1478 622 1976 1445 1085 1375 4000 1142 9 1349 1790 1516 1481 1199 327 1653 4000 1134 1766 997 1180 1055 1931 932 1196 4000 1623 4000 1181 1932
492 658 554 468 1661 1639 1400 188 780 4000 1537 127 924 1017 1326 809 226 706 1500 1993 1703 680 604 1634 1169 1357 836 792 1075 1574 723 1124 1790 834 1592 1450 472 549 1195 810 1958 731 937 439 1305 1820 1248 1531 525 747 1080 1786 984 1684 976 4000 1041 1369 502 1673 943 782 796 4000 1617 1946 1296 88 51 490 455 8 778 1392 4 82 1211 809 1613 1294 4000 250 1079 97 1934 1612 250 531 980 752 203 1480 4000 557 1769 1151 59 621 796
110 1111 1252 1676 1446 4000 1238 1528 969 46 698 262 1160 948 898 1258 438 509 1065 970 1046 1818 730 526 909 1287 1852 4000 903 473 1970 570 1141 4000 1804 587 979 1041 114 1948 1087 812 1767 1805 1317 664 619 1756 730 1684 725 1776 1058 1455 4000 1967 299 1711 4000 759 1741 1110 1330 881 4000 1133 1468 423 1731 1140 370 4000 1509 1694 178 826 357 797 138 644 38 863 1978 1096 1875 1393 620 1731 1103 1760 490 843 869 1377 1282 314 509 306 737
239 1446 665 613 955 4000 4000 1338 273 1146 1476 474 741 1896 451 1838 1327 4000 457 1058 504 216 1105 905 643 481 1744 514 990 4000 808 786 1496 4000 956 7 4000 1305 1345 4000 8 377 135 749 1830 144 143 1156 1546 4000 1771 1607 817 875 68 1017 1356 1812 1531 1903 1862 338 245 914 4000 1202 921 757 63 1823 1976 71 199 1668 378 4000 1369 521 1184 914 1122 512 78 1496 4000 146 69 743 1516 1157 202 934 1052 448 1848 420 1650 768 734
1713 147 709 1342 346 377 1277 1932 1303 1798 672 4000 476 1184 4000 1529 571 4000 1155 871 1071 311 1073 4 1364 4000 1409 1341 727 1734 75 4000 1881 341 1339 226 275 615 157 1579 1970 387 1353 3 4000 762 4000 141 317 1802 569 946 112 1643 507 1033 4000 4000 1932 1448 1650 1564 4000 1531 1462 783 1314 1738 955 1029 873 481 1416 225 41 543 544 688 4000 861 489 1254 4000 158 453 1872 1192 1174 1345 680 621 994 4000 65 81 1705 405 953 999
1360 1982 1872 1398 954 4000 1440 1497 197 1685 1739 616 4000 550 1980 331 4000 4000 1080 176 1195 1760 354 1747 1560 419 1828 1265 824 780 1821 1741 318 1693 696 1272 1346 4000 769 1101 1377 64 1717 1550 4000 4000 1881 1618 1547 518 1351 298 277 1706 44 1838 1682 4000 659 506 1767 479 1804 85 4000 499 914 1075 191 1240 1733 1125 1305 1449 674 1919 701 112 1093 247 630 444 103 464 1707 147 301 1388 4000 517 1451 901 997 812 4000 725 1311 1457 1357
1060 697 1089 184 4000 4000 416 1477 1239 85 570 1043 715 571 703 736 1835 851 1038 1222 1985 1112 230 885 108 4000 1428 834 1910 885 1748 526 1139 837 268 697 931 4000 173 1727 326 300 327 598 428 1030 1334 262 1881 1929 1042 1423 1041 4000 1865 1149 1428 1293 1540 894 1735 1288 1421 4000 1682 1246 1570 612 1487 1300 339 4000 4000 223 1968 28 1253 1301 4000 1134 1230 890 113 1828 4000 1978 533 1146 827 73 39 561 918 1017 4000 599 1820 4000 768
1306 1418 664 232 4000 887 199 603 140 1501 8 831 287 898 944 1672 173 478 204 876 1306 277 473 1424 752 1047 415 908 867 89 1677 1730 1507 340 1963 81 1228 1719 242 925 776 250 1756 1063 706 256 734 436 734 4000 870 1597 773 1343 578 1526 1947 550 1991 370 639 1667 100 146 1565 4000 1785 349 1338 26 1274 114 277 586 734 540 842 1026 976 1133 1522 1846 287 4000 745 865 934 692 1415 925 619 53 591 719 1757 155 1896 1542 504
791 1568 1335 905 4000 1921 1196 4000 762 221 32 1453 1300 1435 1740 1152 180 604 85 4000 1576 1010 1048 1186 1159 4000 943 871 777 4000 933 1568 1166 267 29 568 188 1226 1624 507 1004 1656 1517 304 4000 1256 1013 828 1417 1098 814 549 1666 1419 1736 4000 743 235 1695 1521 276 627 645 1442 4000 675 4000 197 1901 1191 704 461 403 1779 765 1051 591 1335 1879 8 433 692 557 1656 111 1850 479 411 84 4000 1489 1918 1916 1692 917 367 366 483 4000
4000 1231 825 284 1192 603 607 242 1195 4000 121 760 1932 370 874 4000 38 724 65 7 365 1354 4000 1841 1269 744 757 1636 1110 1240 1757 933 28 138 775 1220 742 1382 1019 1494 1323 697 1811 1255 625 684 841 663 965 464 227 888 1818 1281 728 4000 24 1485 1836 692 281 1149 1182 1867 1287 1957 643 1586 1338 1663 1079 218 359 889 1473 984 1131 1871 1205 1653 1892 1432 540 1266 269 1268 1466 294 309 1301 543 591 449 4000 14 1737 1682 658 1322
576 320 1959 4000 236 4000 1824 778 1535 1252 1983 1188 1143 971 1285 1967 1241 4000 1432 1092 419 290 1192 567 739 916 582 32 154 1240 4000 731 1117 870 1525 1353 1274 1349 130 366 157 1670 4000 4000 4000 395 823 1439 505 1813 87 4000 102 1279 1492 841 1752 73 431 1907 870 1343 4000 1987 212 161 897 1043 1067 584 1409 1224 254 519 81 4000 472 461 1448 4000 273 1092 4000 375 4000 951 4000 1679 581 1205 1585 1452 547 221 4000 4000 1941 1892 1359
564 476 325 1346 287 844 1427 296 1316 1445 1301 1851 1719 392 1309 1651 319 259 424 1998 841 1186 1583 1850 1733 1361 844 1606 1301 736 965 1423 769 1290 768 1056 1691 1752 1352 564 1196 652 414 471 601 1723 122 920 1540 103 474 380 1290 1614 1787 579 975 4000 185 1833 923 707 1255 1692 1554 4000 747 1244 1774 1656 1365 527 4000 1779 998 4000 1059 677 1385 155 338 1417 92 1628 1030 1879 1764 1562 508 1506 1395 989 212 206 680 1766 1787 985 567
1117 640 4000 1644 505 1268 199 970 1884 876 1913 38 1214 1329 130 398 1916 1566 1720 1478 4000 782 429 619 995 635 4000 317 421 284 441 1539 481 373 739 543 1198 938 1071 4000 4000 983 676 142 1869 363 98 4000 4000 1375 818 1559 156 1247 178 4000 1440 1478 1026 4000 1319 1024 513 1357 954 1253 1901 4000 1748 528 789 1119 1511 4000 819 936 1828 917 276 1313 1849 4000 872 4 1456 1050 713 895 84 1296 4000 960 319 826 4000 1274 1636 1331 1425
1384 1859 1772 59 926 793 435 4000 178 4000 1696 1491 4000 347 362 4000 1360 969 1475 255 610 770 125 1127 646 508 1001 1920 144 331 902 1085 1748 673 701 673 1466 1137 4000 1644 45 4000 1135 803 1692 1054 1565 1051 23 596 863 190 1366 988 1318 11 1054 318 1489 1198 206 390 1840 1954 1063 540 627 85 1677 276 4000 1723 63 421 82 1312 1032 4000 1920 612 242 340 803 1165 4000 120 733 1939 1996 221 693 1759 168 532 1713 788 1073 4000 874
4000 172 160 1586 1793 138 1668 4000 1170 1314 580 1783 1113 920 142 1835 1806 1820 568 1744 1815 346 4000 1130 72 526 842 860 1599 738 1291 1463 467 4000 1048 259 1146 716 920 1874 1587 1501 1213 4000 1978 912 534 1783 4000 659 1084 102 4000 1521 4000 192 46 4000 609 1203 369 1901 665 837 465 1270 653 1169 1986 1574 599 1573 4000 1812 1830 4000 723 1921 1949 1011 137 1032 1113 257 109 344 449 4000 1976 1058 4000 1903 515 1137 296 538 407 949 1707
1950 79 305 1079 710 1674 908 876 396 386 824 1407 523 1856 76 780 1522 420 786 1234 1954 1401 1707 1856 1474 843 151 11 807 657 1275 314 737 1580 1393 1004 1253 4000 1880 1206 244 703 169 767 115 245 1104 1637 222 1447 871 1733 847 577 1588 1878 977 1296 1889 1342 1511 4000 1656 247 299 1048 1251 1109 906 1131 1872 707 1391 1598 1474 1507 1843 134 700 1623 1581 1128 4000 1986 1705 57 1863 239 910 1309 1581 4000 28 793 224 328 1398 1033 994
304 1721 866 568 1111 463 1600 174 1864 4000 875 1043 872 4000 4000 414 1265 11 4000 1061 922 1142 641 899 1171 991 1124 1056 388 156 49 692 1877 472 4000 544 493 417 719 356 1708 1594 956 579 1153 910 4000 1975 479 384 1035 958 1526 1676 4000 253 223 980 1309 612 693 916 4000 569 945 1679 1114 1438 95 1833 1351 1804 983 306 1940 1693 774 490 1668 1253 874 702 1768 399 1936 1624 210 158 161 1519 4000 854 4000 1632 1424 937 1310 94 1932
963 4000 4000 323 23 1589 262 1716 1920 752 940 729 1183 1643 496 4000 1135 120 1350 850 1839 425 1621 692 1975 809 1673 4000 1676 1767 399 195 1250 4000 518 1273 828 781 546 304 1090 1486 1034 273 685 4000 970 1820 1207 319 227 1045 744 1405 4000 718 213 1410 1186 1446 4000 1586 1642 1984 824 1717 4000 1209 497 917 1514 4000 402 547 975 645 1634 1945 21 841 263 248 1443 564 1653 1180 4000 1423 147 1583 869 881 725 67 421 1550 1784 792 315
1839 1709 1386 983 4000 1490 1958 313 4000 1459 334 4000 1279 140 964 1843 1793 1702 239 1216 1849 1823 1642 286 547 1266 707 1654 1049 1057 1970 444 322 1355 1427 1991 845 941 1861 1526 399 1753 1047 1678 1893 1568 1078 1242 1269 1317 14 4000 1139 1213 960 1687 478 1225 1340 1085 281 866 1529 4000 1779 4000 151 623 1454 11 1706 1411 4000 4000 645 1213 1877 1723 455 4000 597 469 1820 1293 4000 780 979 1718 1562 1877 802 1843 299 331 2 77 844 1711 257
1855 1723 1963 4000 1043 271 1911 4000 148 1190 268 851 1344 294 4000 637 1534 4000 1173 1252 568 606 53 1968 906 1942 1528 983 785 1238 798 197 517 317 1462 1561 589 929 1374 294 1677 1642 702 1020 1936 929 1214 1470 1937 4000 4000 4000 4000 1889 1587 1456 1831 4000 1997 172 351 4000 4000 4000 1111 1389 1987 1257 1875 1360 1108 1551 558 1810 128 493 739 899 1520 232 1286 1355 293 1837 1244 1880 849 631 550 4000 803 459 1639 730 885 307 118 871 1121
1550 1788 229 4000 345 1596 786 395 334 1685 1473 123 528 827 1975 1922 1628 1854 770 4000 1962 1616 4000 420 811 1349 1305 675 1024 1733 1797 573 1520 1583 1231 1422 1178 1574 1817 1070 1259 846 4000 1344 1231 1167 1265 858 578 4000 674 539 1207 1293 516 18 641 1821 250 1222 1110 46 4000 186 1629 4000 1608 807 1714 981 1434 529 1385 626 1873 615 1351 694 1030 1929 729 4000 24 1493 996 540 1068 1194 1918 1319 4000 1027 1365 1325 1213 551 1908 377 4000
1621 1358 4000 4000 742 974 1580 914 1882 274 1945 1367 560 1648 1391 52 644 1488 1121 1395 1405 439 1368 1989 1361 692 1201 1912 156 1135 826 1777 50 4000 1484 349 1706 621 1264 1144 452 1208 511 1012 412 1902 621 1056 1390 1742 8 351 1738 1376 340 656 67 1098 124 4000 4000 951 4000 283 1682 598 632 944 776 1453 4000 1228 660 599 239 630 57 860 1243 1004 159 1251 1356 1454 626 1696 1667 250 793 1792 473 1026 299 1588 866 1981 4000 1056 482
518 508 570 1746 726 4000 1542 1356 340 401 598 4000 117 1850 4000 4000 32 395 795 283 1188 586 4000 1772 885 4000 637 4000 1200 1693 462 1718 201 1032 1020 484 1315 561 1840 1655 520 4000 999 637 1844 1256 1323 1877 1651 118 1717 396 261 29 167 704 1488 361 1127 687 54 1589 1963 1813 4000 982 1854 1049 1544 1693 260 63 1687 817 257 1531 72 1581 964 1724 1256 680 1677 4000 266 1844 220 1754 1762 904 1999 1816 49 1518 1185 226 4000 1038 832
1600 287 1093 4000 1975 1467 1478 1062 1539 1058 1583 819 313 1820 495 1830 85 1896 1608 1397 1658 511 952 1030 561 469 1773 344 525 810 734 125 655 1384 1345 186 850 822 805 388 1880 387 765 1750 4000 1260 1137 4000 713 744 802 1928 812 1754 957 930 222 729 832 305 1097 1566 430 1752 949 1775 1495 1799 597 299 1744 33 686 508 1784 449 1326 920 1855 4000 1664 657 1523 32 410 36 963 190 766 1795 4000 1420 917 482 728 1866 256 222 1221
4000 521 521 444 764 587 227 770 1470 1147 624 1065 367 838 144 399 1249 180 1362 996 946 713 1048 1923 1630 1530 650 1052 4000 872 1830 1754 950 351 4000 1271 938 424 4000 1965 1128 1780 1029 1495 617 1173 1894 1423 1353 813 1976 1857 1526 1023 1779 713 109 1987 1765 4000 415 1595 1206 923 1946 960 193 440 1384 1792 404 68 1128 990 1563 1745 1720 1013 725 1072 1826 4000 485 909 1281 1822 1622 4000 1365 4000 842 4000 537 47 4000 39 1007 896 4000
1948 244 440 15 4000 1430 1135 673 1149 148 955 1779 1531 1656 1821 1997 4000 1199 1618 325 563 561 4000 343 655 772 602 695 1337 1055 731 841 856 729 414 1785 1716 1106 458 422 1254 1413 1758 342 625 1578 338 1118 334 1514 1444 897 4000 168 4000 4000 497 957 538 1391 11 1270 1790 868 4000 1761 209 1271 866 667 1693 1678 1638 1450 4000 1820 585 1915 938 919 1428 1939 1373 1059 1664 1728 903 160 4000 1441 1109 4000 4000 455 677 1823 215 887 651
1081 1111 1901 758 305 1351 4000 125 1493 249 620 1969 4000 558 1341 293 221 625 753 1939 1309 4000 604 1119 18 1059 1796 1398 831 682 48 1913 1794 1950 227 98 4000 119 1781 349 368 400 1875 1602 958 1215 1452 736 1398 4000 675 263 1956 1279 1382 1531 1896 1178 4000 726 1417 4000 195 1210 483 423 866 897 99 4000 803 467 604 4000 1626 1119 1449 635 1856 846 396 87 667 1909 1366 4000 1439 818 783 367 1545 200 458 1740 4000 498 4000 1390 4000
1819 1594 1755 1843 197 431 1026 1316 1437 1661 728 1841 1614 815 507 1523 1739 112 518 556 4000 885 100 1096 900 1398 1620 1398 674 1010 792 4000 4000 103 1893 357 91 475 1230 1529 135 1959 1369 4000 773 1433 829 511 1545 1347 625 440 1790 282 1093 689 1680 4000 87 1912 837 436 1962 4000 540 1411 911 631 1887 140 1717 1579 1656 642 885 429 1632 1271 497 1177 175 1122 1174 1965 1405 1825 210 641 94 1855 109 931 1849 4000 1485 1946 1039 395 133
925 535 1851 60 191 49 946 177 1682 1774 4000 4000 1949 1354 1589 1470 315 1413 1681 513 1064 1092 623 1552 940 250 1036 885 1289 1431 576 1771 1524 426 1832 1272 32 334 1449 1714 107 1680 128 56 590 1718 1526 905 687 763 976 1752 1856 4000 1303 352 1849 1897 795 1138 1327 1371 908 407 1354 296 4000 1386 630 1127 657 738 364 785 351 4000 59 1434 1417 747 197 1950 55 1610 1548 1358 4000 4000 1254 756 90 138 126 556 545 1037 852 1782 423
1040 908 1080 1778 829 1422 1686 1341 1482 4000 314 228 1316 263 283 482 4000 1198 444 763 9 1200 411 1705 4000 4000 1807 1921 1376 1588 1901 415 53 980 1750 882 402 1435 1780 1441 111 93 1226 984 4000 1066 1467 1724 263 1911 44 1830 667 455 1091 1551 979 898 1029 1912 42 929 327 95 1467 76 535 1426 1069 314 866 1180 1966 1649 163 1879 714 1630 1160 534 1097 1204 4000 1765 1216 1455 872 1752 1910 1458 1663 1953 1945 4000 1605 1411 1624 139 4000
249 454 4000 986 419 464 706 1855 1178 336 1014 1712 990 1775 1633 311 990 645 1184 298 111 4000 1962 63 142 1508 1226 1110 688 4000 1503 494 1376 318 1480 1352 339 186 1207 1074 79 220 786 1069 1996 4000 1381 542 177 121 841 289 319 359 1910 19 1424 1135 1129 1670 500 632 163 1433 507 1644 785 847 1387 1992 1921 1466 1769 263 4000 1764 1797 1029 306 1974 1150 704 1820 1027 620 1730 1046 43 421 174 1713 921 363 4000 1912 428 634 696 832
20 244 752 1043 12 573 1134 1777 1927 163 1640 1900 870 4000 1720 1454 520 4000 56 120 1427 231 1834 1906 151 824 1817 4000 1458 69 1411 1478 313 1721 520 1883 4000 1211 1659 4000 931 855 1233 1359 312 509 812 832 1515 869 953 499 4000 343 404 365 1167 1778 945 181 1404 1913 1659 1717 1633 1736 1599 1040 503 815 816 1435 1227 1607 793 1540 115 1162 371 1188 4000 881 1687 244 781 1648 610 1505 982 1112 1686 385 1024 1344 101 214 636 1257 1254
1140 1629 1628 131 4000 1234 924 395 906 1643 323 93 1231 762 1780 1475 1543 984 1642 4000 1966 753 4000 350 1778 1192 8 4000 1828 1266 802 524 894 1987 655 1307 1220 1136 1259 126 779 1583 1777 9 1902 1114 1041 1001 97 683 1606 1621 1436 1897 1971 770 4000 1537 318 472 4000 678 554 1253 664 1209 117 1442 1903 4000 1125 238 958 4000 247 4000 4000 845 1418 1670 4000 1023 1290 521 919 817 848 4000 353 724 1594 712 959 147 4000 1623 913 1640 621
372 1015 1303 610 1531 1762 414 1947 1333 1260 921 559 4000 4000 1406 422 420 223 828 1542 133 1552 1135 846 4000 839 368 1690 4000 1565 1869 1682 136 1171 291 1667 489 706 1171 1380 1523 91 1939 1424 1593 1345 1404 13 1125 231 4000 1258 1340 246 103 1850 1085 28 1096 1951 1593 521 1632 1730 1250 1481 4000 1739 1744 4000 1118 1266 1773 614 246 922 1959 1650 935 640 1881 4000 1898 1220 1850 1 626 491 4000 4000 442 1180 1801 1631 466 1050 1111 1419 346
854 1100 1021 1677 429 1635 1924 1351 1150 1573 1844 1790 1454 1447 1688 230 1297 1246 857 1788 4000 136 1787 1569 1494 1418 4000 544 528 1011 447 940 110 1468 616 96 1103 539 1004 252 1670 847 1600 1123 1852 1287 910 1148 89 1767 492 4000 1460 1837 1605 4000 4000 1639 1055 1339 206 1502 1836 316 969 452 1970 1629 548 974 1882 217 1821 1481 897 1229 324 1808 1934 1971 1131 1984 448 591 1820 52 1102 630 1249 1714 1526 1455 4000 1362 1329 1741 1371 855 4000
1919 1829 808 136 1207 288 590 435 169 397 369 1697 1529 4000 144 1677 1729 1755 778 358 560 491 1441 1572 1263 4000 457 1003 172 1313 372 1649 1141 4000 1342 347 4000 1932 340 751 1887 709 4000 1415 618 149 1091 346 1461 1426 261 1578 1917 1702 1149 1179 4000 1164 1739 4000 476 111 1439 1174 848 337 1079 1431 1827 1419 1739 1713 127 186 1127 4000 1893 1775 4000 1353 1200 909 930 1116 167 1636 1852 228 799 1590 19 832 1258 1015 6 4000 1353 4000 1094
1179 503 832 891 187 1018 1575 489 467 1349 4000 4000 548 1160 4000 1221 1327 1500 1072 1556 1856 218 1132 688 1477 146 694 4000 1056 4000 233 1792 1396 1065 682 1140 1641 1814 4000 4000 1162 1880 1485 1267 1039 1348 487 1923 847 1116 1035 703 4000 4000 948 811 1871 1642 1951 926 534 1741 275 1930 805 514 626 445 328 1812 110 1047 1248 1152 314 1844 499 358 1766 904 1032 801 1164 1924 524 4000 291 1952 1753 1799 435 1844 1539 710 1330 343 1224 1956 346
1552 4000 13 156 571 1165 27 414 1664 4000 179 124 974 537 4000 454 1062 1399 745 1013 708 543 1448 551 81 1715 4000 1983 939 4000 1886 47 716 1899 203 844 1063 230 1258 283 173 995 408 1147 1532 1253 1602 150 652 1904 721 1360 447 1726 4000 4000 1441 906 67 379 299 1953 426 572 1408 630 974 4000 417 231 4000 590 1226 4000 1738 315 1529 896 465 180 799 1186 1098 803 469 566 889 1910 1472 513 4000 1328 23 1829 1458 1431 15 4000 1459
433 4000 4000 1023 1446 1603 317 1761 1131 770 1783 869 1127 526 1967 1930 995 532 4000 904 3 446 306 889 469 1692 346 1457 1708 777 915 1698 996 241 720 1999 1401 595 1759 532 1365 4000 958 491 67 924 1979 619 1456 1911 1080 1016 356 1386 1905 825 1077 1808 282 341 584 754 38 1138 553 759 1136 1954 911 452 42 275 1994 557 324 1618 1481 1860 236 493 1770 1316 1067 4000 258 971 951 892 779 790 1234 920 1102 1272 1615 1655 1588 751 1165
498 1203 765 4000 753 1322 212 1928 4000 71 163 853 1841 1036 4000 1524 851 448 32 1743 784 822 976 1704 1481 1806 1319 4000 1393 1627 1858 1892 386 622 1780 1139 1944 1992 1066 303 1620 786 1157 4000 1379 1076 541 4000 1081 573 1972 1865 952 505 1126 1991 310 1 1125 1703 1628 539 1151 13 1161 4000 709 1105 35 1775 965 1655 117 121 672 4000 755 770 1282 1836 900 810 1701 4000 1315 383 1399 1182 384 81 442 11 620 1150 4000 1782 1638 290 443
1673 1622 1408 4000 1296 1087 1557 348 1842 326 1630 1234 1226 1997 4000 634 1312 874 33 50 1258 114 492 826 291 1643 407 72 837 254 515 66 1433 1481 951 728 567 507 1076 4000 390 262 1199 1616 259 1691 1808 4000 564 1398 1178 1380 1069 1228 205 1360 4000 170 990 4000 424 4000 4000 1858 542 281 142 666 345 1219 631 736 1481 1388 1909 1297 635 1273 424 756 670 1160 135 1296 387 1899 4000 814 68 4000 4000 49 264 964 1464 807 802 1607 1030
705 382 4000 1441 1863 606 906 717 798 179 1141 1554 406 300 1247 1260 687 4000 1473 1058 4000 675 692 819 939 1214 283 1303 1573 1447 333 277 1829 1552 1275 1248 1715 181 1965 512 1918 1106 1623 323 963 426 1583 1208 1571 612 265 4000 1287 515 717 1784 4000 557 1086 1301 3 976 1579 1832 84 853 1079 1799 591 1044 1868 508 149 1048 389 669 1474 1529 1877 602 141 142 499 1428 214 773 1211 1943 1330 1855 800 1333 830 1936 1164 472 789 243 1828
937 4000 1696 1446 993 300 1392 1662 1331 920 1096 1933 1061 795 1990 489 1009 762 1257 951 4000 668 4000 1425 1056 1687 589 1528 32 389 1355 526 1233 607 1529 4000 464 920 1001 1796 4000 4000 4000 901 891 1274 947 4000 36 204 407 1686 429 1716 1110 1485 959 1256 569 548 1202 1925 1074 434 4000 603 216 553 1523 775 348 1363 4000 1633 1822 1763 464 768 1219 500 529 1184 1743 959 899 852 1 1415 1666 570 1963 867 494 1036 859 4000 1196 632 692
276 1407 597 1639 4000 230 1460 1598 694 1786 373 751 314 1557 493 1273 12 902 1274 1427 124 1844 1389 549 4000 1983 1408 33 735 1597 283 1011 4000 4000 650 396 4000 1667 1551 918 1452 4000 1226 1324 1038 1276 596 607 178 1427 34 1860 827 980 408 278 519 1373 312 1255 970 152 265 1531 1032 472 1484 1257 1697 1034 174 705 514 1401 28 1552 676 4000 4000 411 1609 1751 271 1994 287 679 271 364 52 4000 1619 579 292 1441 1667 1325 1471 1150 4000
724 183 312 1429 697 1270 1015 1807 1947 1197 1523 1915 362 830 1743 355 1117 422 627 1038 31 767 656 167 4000 1655 1834 1499 682 983 1637 1406 723 1949 391 1420 776 1406 783 279 159 305 193 79 1135 1937 1992 1810 1916 618 404 1504 4000 4000 1671 1117 272 1504 615 511 43 251 1917 766 1757 1865 185 532 828 969 811 544 831 562 623 1524 55 615 890 1971 790 4000 1474 1290 1912 1144 4000 1741 204 1021 251 247 829 1725 570 143 1590 312 4000
4000 838 1044 961 1670 1163 1142 750 1218 1757 1640 1188 4000 4000 218 4000 402 919 1800 4000 4000 378 4000 927 764 118 1054 907 1708 1366 1140 1682 204 1741 200 1874 460 1342 623 1678 655 1820 422 758 309 640 151 711 1116 1509 854 1796 1444 805 279 207 923 1333 672 188 698 1369 4000 4000 666 1627 332 1126 525 512 360 1180 4000 782 1939 198 979 89 909 94 1155 1320 1447 598 124 1283 806 4000 615 1035 793 870 403 219 1330 1069 1847 1219 1752
1929 1289 111 1109 1177 893 1047 1375 1429 693 4000 1080 1406 1604 526 4000 1286 1809 366 333 1981 1401 683 407 1804 902 1737 429 305 513 180 4000 1802 1849 1343 978 741 1947 353 1727 196 194 806 1602 1355 889 1163 640 254 1529 4000 1792 930 4000 199 290 1673 1493 277 1978 5 14 4000 1364 1864 1111 1900 604 614 252 1889 368 3 694 1527 915 1141 689 1556 1395 1776 1643 744 262 413 943 109 85 0 4000 1620 1556 401 1389 919 264 56 818 425
228 627 313 153 187 565 1680 1103 1706 1927 215 657 1259 1858 1401 1521 4000 1901 1630 1470 1451 1574 4000 1006 1532 35 4000 1796 1649 300 1778 1877 484 91 29 672 213 1267 1775 4000 750 1990 1690 8 1404 648 1529 1232 105 715 4000 1556 1846 1348 561 1377 940 43 1172 589 1901 507 22 384 155 1610 613 368 876 1945 1401 1626 1934 1090 1634 895 1738 719 126 1844 991 384 4000 837 1733 1518 213 4000 4000 943 818 1018 1450 4000 959 1605 4000 1130 1973
883 1074 4000 65 1008 4000 1256 1903 1758 1975 1586 1158 965 1970 556 1802 1259 4000 1573 1046 748 515 1864 1766 1965 261 282 4000 4000 1412 1098 708 485 27 773 1050 46 28 509 1361 1560 1652 518 525 1179 632 1884 437 262 1456 1483 568 1528 904 333 1492 4000 172 617 991 1584 4000 1256 1627 4000 29 676 460 1615 743 1821 1175 394 1897 1257 1573 85 697 1568 1905 1711 4000 472 1238 4000 363 287 233 92 461 781 1677 1291 36 860 146 1623 1093 606
795 1836 1985 1527 230 1438 340 1360 4000 1037 927 984 304 1092 1014 1100 602 934 1387 4000 1026 1405 730 259 695 324 1119 842 1504 212 1005 298 4000 546 1382 1392 1541 1722 752 620 316 4000 1162 620 327 175 1720 487 4000 663 879 4000 4000 1167 1952 320 4000 627 719 551 839 1282 850 444 1828 231 1393 1369 1511 144 1546 1827 1381 707 446 1708 439 1724 4000 1105 4000 631 354 1569 1355 305 1890 402 489 165 4000 1329 1447 1360 1330 1275 1149 722 200
659 424 1746 42 1362 10 45 626 449 1769 378 1112 1713 566 1466 1281 1921 1328 4000 1880 1817 893 389 4000 1897 1750 1589 728 455 1869 4000 671 292 231 713 1211 1799 4000 1837 1805 4000 4000 916 1354 780 1939 191 257 4000 919 136 197 1369 4000 899 4000 1833 45 1551 1845 1914 35 515 1763 1824 785 530 4000 1100 366 1427 4000 138 4000 537 918 1396 729 733 218 1205 426 1973 130 509 872 952 4000 474 502 1743 1945 538 1815 1264 361 599 1794 1541
1257 159 524 1998 297 423 92 773 1376 821 4000 1152 4000 1489 1124 1270 1556 1553 221 1454 26 281 1197 1971 376 568 1234 4000 725 584 1835 1982 4000 358 1979 4000 782 70 928 1715 448 1548 866 1588 594 1991 857 149 4000 636 4000 1570 917 356 1097 1293 482 1889 1587 1207 472 1422 1188 773 1780 723 929 118 794 4000 1834 799 962 699 387 1556 246 801 1262 1790 1437 421 1359 4000 335 455 1203 817 1901 347 23 373 1326 768 4000 662 1491 1632 781
1842 1046 171 198 4000 427 142 1120 674 943 381 4000 1938 802 1379 1848 694 1391 608 1511 4000 512 1091 1222 4000 4000 1925 499 907 1557 837 305 602 565 60 166 550 202 1286 1224 703 1224 1244 640 1583 179 44 277 1127 209 1345 1976 721 436 1197 115 1852 1122 615 315 235 1009 178 837 1575 238 560 124 4000 1846 905 701 626 1706 898 208 1885 499 42 568 266 1388 544 987 4000 1741 4000 1232 419 1275 1548 654 283 1283 1491 4000 1078 1608 1539
1076 1453 443 1334 1636 1706 1789 1845 1147 288 4000 1716 554 831 259 1098 211 1557 1758 1444 1977 1032 548 630 873 1831 1679 730 908 1286 1827 4000 296 1827 875 1932 1533 664 4000 679 509 777 1952 620 1608 210 1718 4000 1768 1476 1263 1301 64 1368 1931 937 755 1166 1225 1220 9 1051 761 4000 434 1637 1794 4000 4000 1127 203 366 1904 154 986 1068 1923 260 4000 1247 1736 1707 4000 1358 4000 34 294 1386 758 1519 606 767 4000 1367 1072 561 560 865 84
417 1549 287 783 1009 4000 1326 4000 1922 1587 4000 1168 879 1786 1715 236 4000 1306 531 1360 63 1607 4000 830 1291 889 1459 1852 1450 1882 1936 1867 987 1781 207 1997 222 1090 1631 1701 676 1709 868 1113 1051 139 1349 1025 1445 1437 384 1066 601 1907 1453 1892 352 912 4000 1802 350 4000 4000 1337 1015 990 890 794 79 520 494 313 1787 919 1426 394 1058 331 976 60 1769 917 683 1927 823 135 4000 1176 1047 1117 534 1397 4000 1317 291 481 306 1181 832
4000 1259 1327 256 602 245 1239 996 861 1127 1973 478 895 889 4000 378 1270 1296 1753 2 1901 426 93 854 335 1411 1145 373 1717 326 1205 1217 1142 531 1030 1744 334 1826 739 752 953 268 4000 1405 715 1948 4000 4000 1243 1536 1101 1143 1963 1194 1555 1855 604 4000 227 1879 582 1432 1095 1724 1521 1683 1024 1412 1508 1764 1721 460 1589 507 1866 1861 454 4000 1402 1697 1184 502 397 703 1697 1509 4000 1858 1765 4000 1736 4000 1331 388 1628 408 70 652 1820
