10 10
26 1757 1631 601 1852 151 828 4000      973      1990
4000 4000 4000 913 1593 1688 4000 1599  1099     4000
688 64 116 70 4000 1202 4000 4000 1620  596
222 1204 352 1411 1362 4000 4000  190    602      91
1737 999 911 76 4000 503 4000     0      102      420
1559 347 484 1675 1975 1076 433 1568    4000     1610
1721 1301 4000 72 711 175 4000 1830     1923     1992
4000 1659 4000 388 1292 459 448 613     4000     107
1034 0 454 1075 1809 1987 1708 241      1111     786
1851 4000 1644 664 460 1912 396 292     1298     318
