70 90
4000 1376 4000 580 4000 4000 890 1701 4000 1462 387 741 514 622 1478 1178 1153 1068 0 4000 909 310 4000 1999 1168 1393 698 4000 1262 431 768 4000 1807 939 887 576 4000 4000 1834 4000 796 220 34 867 4000 4000 1602 1553 4000 257 1437 1046 567 1102 4000 1736 494 1300 4000 1314 4000 4000 1621 1094 321 508 1670 1513 1843 1503 1249 4000 1280 1283 4000 1237 352 664 4000 46 478 1783 649 603 884 1251 4000 935 550 4000
4000 4000 334 1870 1375 212 4000 601 4000 1777 4000 531 1972 4000 4000 4000 4000 4000 1699 523 1327 176 1863 1976 336 746 784 231 4000 1334 741 1044 1172 4000 4000 4000 402 404 1147 1685 1738 4000 4000 1710 4000 1144 743 598 4000 1999 1122 1308 1733 541 4000 68 4000 1625 1858 83 4000 598 1127 129 1230 4000 4000 1632 4000 937 1316 1297 1302 1089 563 165 232 4000 4000 4000 862 1443 1522 151 1984 362 1777 828 4000 1634
4000 502 231 4000 4000 4000 750 421 650 1866 1358 4000 719 659 612 1282 4000 4000 1703 1146 4000 564 588 4000 272 571 1614 48 957 1158 4000 1868 1660 1914 4000 4000 932 4000 268 1583 4000 1183 1106 4000 1843 4000 751 224 1676 453 4000 1849 574 1958 4000 403 85 713 451 1042 4000 1691 467 4000 1162 4000 492 93 814 4000 1233 4000 1501 1896 4000 1343 4000 1783 1567 846 1793 936 4000 1924 450 1794 4000 535 506 335
1578 1935 25 4000 578 4000 4000 4000 838 1459 1388 1628 1022 888 1524 54 4000 250 1394 1354 1096 744 1847 1347 4000 4000 4000 108 4000 1204 1 4000 1138 4000 1567 4000 327 4000 343 4000 1671 1731 4000 693 175 1430 304 1963 1681 4000 1316 4000 1556 719 1681 4000 1015 4000 1446 1846 1581 4000 1812 275 4000 935 1549 4000 1590 1892 1634 1261 1179 4000 1511 4000 970 1372 873 4000 4000 4000 984 1740 464 664 1077 1479 4000 522
4000 622 1525 249 897 4000 1185 445 1022 331 1894 4000 1592 4000 4000 659 4000 1166 4000 4000 4000 214 600 4000 1511 4000 1020 587 99 1619 666 538 240 190 787 4000 4000 1972 1140 4000 303 590 1534 1452 4000 4000 4000 1202 4000 1256 1615 4000 4000 1772 180 537 393 4000 4000 4000 376 4000 4000 616 1537 1375 867 1394 903 1564 1829 763 154 919 1773 1374 4000 1441 4000 656 4000 1747 480 1724 1519 661 4000 1469 1419 4000
1518 1352 288 4000 4000 4000 1037 391 333 1497 1956 161 4000 109 638 1590 1483 843 587 4000 1499 840 919 1537 120 437 4000 1939 1463 730 880 980 4000 725 4000 4000 107 1236 1997 1998 290 1952 159 107 4000 797 1254 657 1197 1398 4000 252 237 748 1789 1916 742 4000 1854 204 1830 733 741 1911 1015 941 4000 4000 176 4000 1120 23 4000 836 4000 4000 1190 941 410 386 4000 1797 639 133 544 4000 4000 4000 1085 1459
1047 4000 4000 1346 4000 763 286 4000 1443 19 81 4000 43 217 4000 1731 4000 4000 672 1938 4000 567 4000 285 257 4000 4000 1863 4000 4000 4000 4000 4000 4000 185 1765 1390 28 4000 4000 48 858 509 4000 4000 1023 4000 602 726 1608 4000 372 1733 4000 215 1990 781 485 1410 1017 954 287 1858 4000 4000 42 101 303 4000 4000 692 1677 4000 759 4000 811 1782 4000 970 507 4000 1067 436 4000 455 4000 1147 4000 693 556
1811 4000 844 4000 1984 1758 4000 84 1618 4000 4000 1867 1015 697 625 4000 1065 406 599 35 4000 467 659 4000 4000 672 1558 772 1466 1809 4000 1276 1455 1729 944 4000 1043 211 4000 660 1550 4000 527 564 295 4000 460 917 1116 1059 952 1143 1084 1169 49 4000 1841 4000 1037 1306 973 4000 581 427 1208 4000 4000 4000 1293 58 911 399 4000 995 963 1509 1705 980 1983 4000 39 492 1520 680 1661 4000 4000 1501 291 1540
4000 821 1019 501 1248 1784 1584 227 34 433 1844 4000 4000 4000 4000 4000 4000 759 333 104 693 1930 596 213 4000 4000 1340 668 4000 1188 1765 1677 4000 340 1736 813 124 1319 598 158 1309 4000 218 1699 1055 1274 1052 1177 32 4000 838 4000 4000 4000 4000 151 805 4000 819 1677 580 141 4000 588 481 645 4000 605 1521 1999 321 830 1997 4000 528 1051 1370 1137 1785 960 1636 180 1243 1621 1172 4000 1772 1534 1131 4000
767 1711 289 1235 1856 327 4000 1256 4000 4000 812 4000 4000 808 4000 1873 1417 4000 567 1201 4000 4000 1381 36 1381 109 4000 1152 1201 462 857 1968 1730 1146 1202 1585 1474 639 840 1964 4000 1209 331 941 17 4000 4000 1434 186 494 191 980 254 1130 573 1192 1239 1905 1901 4000 366 758 1965 1653 4000 723 1237 4000 919 1635 454 72 4000 342 570 4000 4000 4000 1408 4000 992 1600 1419 803 729 1549 1995 4000 1454 1896
1079 4000 653 600 1030 113 1323 1824 605 4000 1458 616 4000 4000 516 4000 4000 768 4000 4000 4000 1932 840 624 735 1126 4000 286 207 1184 181 1286 117 391 4000 1147 4000 4000 528 4000 565 1543 4000 1994 1401 1356 435 1234 1681 1375 474 4000 864 4000 1068 1156 1997 798 1442 203 1982 1181 4000 99 4000 489 803 1634 4000 1331 1858 1377 4000 698 1371 1832 1611 4000 4000 1292 4000 1096 178 1159 409 4000 314 4000 4000 4000
1724 1583 936 327 4000 4000 816 42 1256 1629 930 1114 562 1804 4000 4000 1193 536 4000 257 1385 1591 1354 1120 306 1320 1924 620 4000 1525 1933 563 1107 426 4000 4000 491 1263 4000 4000 891 4000 417 1454 1794 4000 4000 986 4000 1353 800 1264 500 1711 384 806 4000 307 1426 1428 4000 4000 4000 495 899 437 4000 947 4000 1901 250 148 333 668 1159 126 10 4000 1112 1447 1012 1469 711 4000 4000 1095 318 1768 959 1301
1195 4000 4000 742 4000 4000 4000 798 1619 1993 698 1870 140 588 94 1299 714 4000 4000 1383 1552 4000 852 4000 1038 1589 471 913 1356 1430 4000 107 1777 4000 406 175 217 1142 973 1836 4000 1229 1262 832 4000 1356 130 4000 1461 4000 1471 4000 4000 1880 4000 767 1468 416 1680 380 1846 4000 487 1179 4000 4000 911 770 1592 1442 4000 283 4000 4000 1115 43 780 4000 131 1798 1448 4000 1924 1176 1039 4000 1943 4000 284 1623
1 4000 4000 4000 422 1626 496 1334 1953 1646 775 4000 1929 4000 1540 4000 4000 319 959 4000 117 4000 1894 40 1140 489 1467 1082 553 1751 261 555 1438 892 4000 1417 74 1097 4000 4000 299 1082 4000 227 83 1682 384 1129 1558 1344 4000 4000 1307 1756 830 446 244 296 1086 4000 4000 1347 910 1041 238 1068 4000 313 4000 4000 1898 4000 4000 39 4000 1488 1278 1748 616 4000 1091 35 4000 1955 1791 454 401 4000 750 4000
1948 4000 390 414 1395 4000 4000 1410 499 760 1732 1954 338 4000 1993 144 624 4000 1892 797 1219 4000 833 843 493 180 1297 4000 1773 4000 1495 1277 1958 4000 1248 909 4000 286 1876 1685 604 4000 1638 942 300 1187 4000 924 13 534 1721 789 4000 110 4000 4000 291 4000 1132 1621 1648 4000 898 1162 1627 145 70 4000 4000 1503 4000 1036 666 133 1535 4000 1320 178 1447 890 4000 725 4000 4000 4000 868 1581 683 912 269
304 4000 10 4000 1278 4000 904 905 448 4000 407 944 1486 630 1077 1021 1154 4000 4000 4000 4000 1025 1325 79 4000 1718 947 4000 400 1416 4000 704 1532 456 1463 366 1651 1925 1271 98 4000 1235 600 4000 4000 1677 4000 4000 1631 1637 1176 30 4000 58 109 4000 4000 614 319 1733 29 4000 4000 1119 4000 1457 1485 429 1381 756 4000 4000 1548 4000 4000 4000 1919 496 1989 4000 1690 4000 1136 1908 4000 803 1608 555 4000 1485
4000 1446 4000 281 4000 4000 1296 4000 571 4000 1920 656 1989 1467 4000 1604 437 4000 99 1983 4000 1789 704 171 4000 1484 4000 418 38 390 1903 4000 1393 4000 4000 1072 1409 1017 4000 1981 4000 154 4000 1239 1178 647 843 4000 1020 4000 4000 54 288 4000 225 1099 1343 756 1517 4000 1146 4000 821 96 243 4000 1168 1209 1560 4000 1189 810 1114 939 49 4000 1144 449 4000 163 948 618 217 793 476 1 1892 1819 4000 1409
1200 4000 4000 1578 1113 4000 120 1838 1394 1238 797 583 47 1911 1079 1654 1759 222 102 4000 1943 4000 1840 4000 1844 4000 1718 1736 1692 4000 701 448 1047 1086 26 4000 4000 146 1554 664 4000 350 4000 989 1818 1441 642 1577 4000 4000 798 1163 910 195 4000 310 68 154 45 1760 4000 4000 208 4000 1389 4000 4000 216 4000 1617 438 879 4000 1242 1868 4000 682 4000 918 1903 1926 4000 1065 835 1025 4000 1146 1093 1656 748
4000 4000 4000 4000 4000 1998 1967 248 214 1904 1422 652 339 4000 1451 1764 4000 1691 1388 4000 1593 1313 1592 214 148 616 4000 851 4000 928 1599 1234 324 207 4000 67 205 1375 4000 419 835 1294 628 4000 1796 78 495 82 1326 4000 4000 475 1196 1992 4000 901 165 1962 4000 1432 889 907 665 771 1115 1631 4000 4000 4000 267 1296 4000 1118 4000 128 913 1559 624 552 4000 506 4000 4000 1259 501 4000 1717 666 1125 1025
97 1572 1490 4000 4000 604 4000 294 1481 511 118 333 1909 4000 4000 36 1263 929 217 1816 1371 281 325 288 1540 826 1009 814 4000 1691 1396 1590 4000 4000 1467 718 1046 973 569 83 1485 244 416 4000 1037 1787 543 300 716 4000 115 1644 4000 440 1489 138 4000 497 4000 315 188 1906 4000 4000 347 929 1283 1394 1902 1852 1477 4000 96 1451 4000 1133 1237 4000 4000 4000 4000 662 1154 910 659 642 4000 1483 4000 4000
4000 885 577 1703 1892 924 188 1174 1875 1648 583 4000 590 679 4000 1598 4000 1596 4000 359 4000 4000 578 702 1926 1238 901 4000 720 4000 4000 517 482 4000 4000 4000 1818 1966 4000 4000 1613 1245 4000 1761 1924 4000 915 850 555 4000 766 4000 1078 4000 1920 1003 4000 4000 1090 858 418 1850 1376 900 742 710 831 4000 4000 1937 251 1846 738 851 1163 4000 1811 77 4000 1923 139 1392 1583 1217 4000 4000 4000 4000 4000 4000
1289 4000 1830 221 4000 572 4000 27 688 4000 4000 496 1009 4000 1348 171 478 4000 1806 1104 637 1945 4000 4000 718 787 1278 51 1218 4000 474 64 1896 304 4000 1092 433 774 1119 1121 1938 640 4000 4000 4000 522 674 4000 794 479 37 988 1981 4000 764 255 433 41 306 1209 1197 780 1273 4000 641 4000 1741 1074 1889 4000 4000 1826 614 4000 4000 1070 1892 4000 1561 4000 595 1155 4000 575 1244 1994 830 4000 34 693
442 788 1474 1715 1438 1672 830 1178 4000 4000 1595 498 101 1766 4000 4000 835 1316 4000 4000 4000 1141 1107 1230 1717 4000 4000 103 1142 814 354 1584 4000 1828 4000 1039 1056 1243 1775 4000 1518 4000 1857 1176 692 4000 1163 1084 4000 1709 1037 153 4000 1701 940 1680 1166 4000 1784 307 90 137 1448 4000 1522 4000 288 4000 4000 1620 4000 178 546 1350 911 795 631 1631 1879 4000 4000 472 938 1303 1731 1435 982 896 1155 322
760 802 16 207 4000 1095 1626 1898 4000 4000 1517 1166 463 62 4000 4000 4000 703 1005 293 1488 4000 765 1983 4000 495 4000 4000 1391 128 65 150 931 1639 1916 982 4000 4000 4000 4000 4000 4000 4000 1847 15 1201 4000 430 1462 4000 4000 949 4000 1045 931 1559 1098 4000 4000 4000 33 4000 1754 521 562 1669 1060 4000 766 1497 816 4000 1450 1502 1995 4000 260 772 1009 1722 112 1289 670 910 334 4000 469 1432 4000 4000
1034 4000 1809 4000 4000 4000 455 4000 781 778 1287 1597 927 293 1099 4000 4000 1359 1251 324 4000 920 1170 4000 1830 4000 21 4000 492 197 1183 1527 4000 4000 313 4000 476 326 4000 4000 1104 213 410 1588 506 4000 66 4000 1982 874 4000 618 4000 872 1039 1623 1934 1060 1036 1983 815 218 4000 4000 4000 1380 801 4000 1263 4000 4000 1924 1942 1581 1512 5 204 1135 1384 185 8 643 361 4000 1072 1400 981 4000 17 16
545 832 1793 1611 53 4000 990 4000 473 4000 139 4000 1734 81 1224 802 1644 1428 1937 1027 4000 1945 1670 1532 1303 741 488 4000 4000 4000 300 1849 894 92 1459 947 208 449 1359 681 4000 1498 1882 1549 4000 1105 1908 4000 90 1844 1806 4000 1345 1032 349 4000 1774 394 488 4000 4000 788 925 1351 4000 4000 1856 4000 4000 1214 4000 4000 268 764 1311 962 1426 776 1741 4000 619 1104 333 1522 4000 4000 1726 1909 4000 1771
542 4000 558 1467 1999 995 4000 1854 1197 1354 624 1637 4000 450 1958 427 4000 1384 4000 709 4000 1379 4000 347 457 1949 586 1741 1857 777 1511 1957 4000 4000 1423 4000 4000 387 4000 1376 1742 4000 1012 857 1023 970 841 434 1911 1601 1143 366 537 956 713 994 4000 4000 734 1875 1634 4000 1831 1059 1872 4000 39 4000 4000 873 982 939 1446 1995 1354 468 521 4000 902 431 1796 4000 4000 332 115 625 883 576 4000 4000
450 672 1420 281 1288 848 4000 1327 4000 289 1758 1437 4000 0 988 4000 1672 1509 333 4000 4000 1686 4000 4000 1575 4000 4000 458 4000 1071 1633 431 4000 4000 269 588 1457 1361 1473 1468 4000 1230 461 4000 1990 1449 4000 1661 514 22 1349 10 1265 638 1419 840 4000 4000 1298 23 79 4000 11 1380 1539 1838 1525 552 1198 997 1577 1963 226 4000 4000 1774 1487 1201 1434 4000 780 339 1569 44 978 987 4000 1021 4000 4000
601 4000 225 170 4000 1321 4000 535 1430 763 4000 4000 4000 1316 1045 1794 1089 531 4000 80 89 4000 419 1659 933 954 4000 4000 4000 4000 4000 4000 4000 452 1861 4000 1774 4000 489 1203 630 1579 4000 912 451 811 4000 1098 900 4000 735 546 588 711 204 1521 1666 1965 4000 4000 1276 1121 887 662 1574 304 172 1347 172 4000 4000 4000 1354 1874 1272 1806 241 1535 460 1141 4000 1195 1688 936 1463 1449 456 685 4000 4000
1440 4000 1586 326 465 4000 631 637 62 360 856 4000 719 209 4000 1548 1572 1398 4000 4000 4000 1431 783 1341 1924 1804 346 4000 488 1317 845 1928 4000 430 1812 1585 4000 2000 1779 1209 359 634 935 635 401 4000 1741 1530 1047 4000 1562 1143 1367 1902 4000 1291 1262 386 4000 4000 4000 1630 1235 379 1617 4000 4000 320 1045 4000 1530 961 1491 21 4000 1892 1671 894 1422 274 1273 540 974 197 1999 4000 4000 1261 1400 272
568 660 1459 1803 1039 632 4000 560 4000 1451 1417 39 1970 907 1618 1123 356 845 4000 1778 1119 846 4000 1650 4000 1430 663 1645 4000 1621 1474 4000 4000 932 4000 433 1122 4000 993 4000 31 4000 1671 1558 4000 1288 4000 1230 4000 253 564 1252 4000 438 902 1257 4000 4000 902 4000 299 4000 487 4000 865 219 4000 1544 800 1120 1618 389 1087 4000 1947 1961 132 184 1190 4000 4000 1754 4000 4000 4000 1534 1909 1173 4000 810
845 512 742 890 4000 4000 4000 1218 4000 1467 338 1882 4000 4000 726 1359 942 416 1543 1689 681 1981 999 4000 4000 747 846 4000 4000 4000 906 1880 1128 4000 4000 1776 369 1435 4000 634 458 889 72 4000 1871 799 1230 369 1215 772 57 4000 4000 1056 766 4000 1360 4000 1037 4000 4000 4000 4000 912 706 4000 688 4000 33 1239 4000 48 4000 896 1920 1112 1252 1149 1481 4000 4000 1538 4000 4000 593 1799 4000 1510 968 4000
345 752 379 618 1222 642 1216 4000 4000 806 705 97 855 4000 550 331 4000 4000 4000 538 4000 4000 4000 1301 1187 225 1099 4000 4000 1624 351 1637 1934 4000 4000 1155 1373 1028 621 4000 4000 883 1859 4000 829 4000 133 4000 210 4000 1982 4000 4000 56 893 4000 4000 1992 4000 1573 1173 4000 4000 1106 4000 1021 1818 796 1606 1996 4000 996 878 4000 799 1264 4000 4000 707 592 4000 688 627 672 301 1520 428 4000 1069 4000
4000 1799 4000 477 461 1775 1498 278 570 4000 273 4000 4000 708 1987 4000 1529 368 944 4000 4000 603 480 4000 4000 4000 664 4000 4000 4000 31 631 645 382 665 1106 4000 163 4000 726 823 1214 1854 4000 1479 1397 48 1007 1765 550 4000 4000 1153 1279 1870 1986 4000 90 1246 979 938 4000 1167 1583 773 1833 689 4000 1553 1630 1213 1933 401 623 1970 1880 20 4000 4000 1342 124 800 4000 4000 4000 1493 1263 1696 1141 65
4000 78 899 4000 1661 4000 4000 4000 4000 4000 1537 4000 4000 1495 4000 914 4000 686 488 1375 4000 613 4000 4000 4000 1369 701 4000 1064 1842 332 853 1477 788 1810 1138 4000 154 601 4000 1610 1695 218 554 4000 884 4000 4000 1570 1513 1052 1155 125 4000 4000 1573 1710 621 1840 4000 4000 4000 4000 1940 74 993 634 4000 1148 1236 939 314 930 4000 868 1677 4000 335 1354 1169 1848 405 4000 1531 747 4000 660 4000 864 57
787 884 4000 414 4000 1417 4000 4000 623 111 1808 1119 425 4000 4000 1293 1529 1433 1185 882 158 4000 1287 38 4000 1591 281 780 47 1145 837 391 1587 180 362 4000 1154 1770 982 4000 1438 347 453 1864 4000 1844 713 4000 4000 1899 609 4000 45 1896 586 165 1044 424 4000 4000 1127 897 1039 713 634 1402 680 1345 728 1219 679 165 4000 689 4000 4000 4000 4000 1492 4000 4000 100 4000 4000 1554 4000 1522 4000 481 4000
802 1165 4000 1841 1878 1111 799 557 4000 4000 1777 4000 1250 899 4000 835 221 1470 691 1713 392 2 1371 1864 1359 481 1478 437 635 4000 4000 994 681 4000 834 558 1164 4000 4000 4000 717 6 4000 4000 4000 1249 4000 1126 718 4000 396 668 610 1324 4000 1526 1362 1566 4000 4000 4000 1096 4000 4000 1591 1381 4000 4000 571 1665 4000 1289 1671 4000 1255 4000 4000 4000 4000 4000 4000 769 1548 388 1650 1636 4000 1011 758 4000
564 1396 86 1111 272 1235 4000 4000 1103 620 928 591 1466 155 1947 720 287 551 1892 660 1431 1670 986 978 4000 4000 4000 1528 1646 4000 76 1767 323 1720 434 4000 511 483 4000 4000 660 343 205 4000 4000 4000 4000 4000 259 1851 560 1690 1520 1547 224 4000 4000 4000 219 1385 1322 1853 4000 1646 1572 4000 1798 1641 4000 771 1255 1843 4000 4000 1525 727 282 4000 627 4000 892 744 1789 1969 1848 1571 4000 4000 1965 4000
528 1287 731 1236 489 302 1936 1844 1500 1118 4000 311 517 1286 1328 1599 1570 1168 640 4000 1710 1089 497 4000 1057 345 625 1717 4000 590 595 16 4000 1326 809 1923 1629 302 4000 4000 977 1495 997 4000 780 4000 4000 1907 1049 4000 1660 758 1936 4000 1371 550 58 1996 266 4000 142 862 1120 1576 187 1487 1055 1373 1789 1936 58 4000 1430 4000 4000 1767 4000 24 1673 1543 4000 1332 1858 364 4000 1228 914 4000 781 1180
4000 4000 4000 885 4000 4000 4000 668 716 1717 4000 331 4000 32 4000 1856 1799 1437 4000 4000 979 750 359 836 4000 962 1622 4000 1623 402 765 1387 882 4000 1829 4000 4000 199 1164 1538 1473 1767 1426 1512 1357 1927 1367 4000 1363 803 4000 1899 4000 1657 291 224 175 4000 1809 1798 1872 130 4000 754 1609 4000 1249 872 4000 1970 4000 4000 1294 1393 1311 650 4000 234 4000 238 1037 4000 4000 147 1874 1985 1929 48 1455 1294
1847 1326 4000 4000 4000 590 4000 443 1019 1485 4000 986 842 4000 4000 1710 1913 1697 4000 4000 1935 538 1048 4000 242 4000 4000 4000 4000 623 4000 373 1507 1561 518 4000 150 4000 1143 1169 718 4000 4000 4000 818 89 1269 731 1343 770 1120 4000 866 167 461 1108 1089 4000 4000 58 1811 4000 1989 4000 532 506 4000 239 1739 4000 965 13 272 677 1573 648 766 399 1379 109 4000 498 4000 1592 665 962 257 1311 4000 650
4000 4000 1622 914 834 153 4000 4000 392 716 1568 4000 4000 4000 4000 4000 4000 800 258 4000 466 541 4000 966 4000 1701 4000 1948 569 76 4000 1495 4000 218 409 427 371 943 4000 763 4000 402 1677 4000 4000 1711 1805 1402 4000 1620 382 90 160 4000 4000 1851 1119 984 1798 1688 617 394 1182 1768 169 1148 194 540 4000 1029 4000 1307 4000 4000 1252 345 4000 1056 4000 1429 232 129 1519 393 1548 4000 4000 666 4000 4000
4000 4000 1550 4000 1057 1720 1798 4000 1817 4000 1838 234 4000 826 328 4000 729 132 4000 476 1561 407 162 1079 357 1710 1210 157 1933 1883 1756 4000 1172 863 492 228 582 1847 1037 4000 4000 432 189 4000 4000 517 719 1544 206 894 1577 4000 1301 1740 4000 4000 4000 1170 1372 4000 1052 1128 4000 1781 1548 387 4000 1687 1791 603 1642 639 1035 1832 1798 1850 4000 4000 951 112 4000 527 1436 1825 1824 1396 1039 4000 4000 4000
1326 4000 1096 1221 954 643 1166 519 329 4000 679 4000 4000 1714 916 4000 4000 822 1023 1629 934 1991 155 1927 4000 1537 1322 411 1924 1444 822 4000 617 4000 26 4000 4000 749 1648 3 1706 326 4000 4000 1598 447 1808 275 1269 830 1904 1760 820 4000 1686 192 4000 565 603 4000 8 4000 4000 183 4000 1465 1311 4000 1771 4000 576 1476 842 106 333 1997 110 140 271 4000 971 174 695 4000 1790 381 1097 499 503 1257
4000 68 4000 4000 251 4000 1591 4000 824 1361 1635 957 837 33 621 1170 29 4000 868 1858 110 1839 31 805 4000 1379 4000 4000 1878 4000 1097 1008 1315 1336 1577 1123 1587 1167 242 1969 4000 1878 925 922 1468 1546 1649 1055 277 4000 912 4000 1912 4000 306 655 1880 4000 495 1314 1853 1149 321 4000 41 4000 1848 4000 179 4000 4000 264 4000 1636 1186 549 1182 392 1604 1016 908 72 517 820 4000 823 1032 452 1430 1084
1766 840 232 1645 1564 1832 1100 4000 1017 1279 4000 1728 1101 1253 1363 286 1359 101 678 4000 4000 1144 4000 1191 1521 1165 4000 109 4000 1001 1193 940 1841 4000 584 962 813 1684 4000 4000 520 1659 4000 1621 469 477 1464 4000 135 4000 1905 810 4000 496 4000 1921 1218 1572 29 4000 130 1222 4000 4000 1761 1917 489 131 4000 4000 1518 1678 1635 189 855 1661 223 4000 1489 4000 1575 1393 1168 1975 1446 4000 1452 220 4000 4000
613 1985 259 1946 1513 1578 1419 1 4000 4000 1535 783 1811 727 4000 222 4000 1195 98 1433 4000 1230 382 278 762 1828 1004 213 4000 859 1695 4000 843 1511 163 4000 1088 4000 1915 4000 1716 1006 1137 1526 1733 4000 4000 4000 861 4000 1110 414 633 1493 249 1395 877 1254 1166 925 112 860 4000 512 4000 863 4000 4000 2 4000 4000 1718 4000 505 800 192 614 105 1870 1475 1066 979 1446 4000 28 1695 651 906 505 1817
1388 174 233 4000 687 161 508 669 734 4000 565 102 1785 4000 608 142 773 779 1805 642 1811 871 1179 813 4000 1207 64 335 4000 570 1710 1058 744 4000 4000 988 1661 1654 1657 394 1722 4000 4000 1506 360 4000 4000 1133 4000 1010 1333 365 1881 511 1178 7 1275 4000 342 4000 4000 4000 1560 1671 4000 4000 215 4000 1916 1873 4000 4000 4000 4000 4000 1568 4000 347 4000 1992 1357 33 4000 4000 101 1534 801 4000 332 701
1435 1259 309 994 929 4000 1699 1144 187 1615 573 4000 1251 1782 1683 1951 1349 4000 1856 4000 667 1212 1640 580 4000 4000 4000 364 231 4000 622 4000 818 932 4000 4000 4000 1473 448 93 4000 1021 1001 4000 359 683 1403 1709 1359 4000 4000 1583 27 69 162 4000 4000 1833 1512 1155 1393 134 378 210 623 595 4000 4000 4000 1963 180 712 983 1181 4000 1343 4000 4000 608 780 382 1037 1921 409 1106 4000 1557 473 4000 1068
1185 865 759 1563 1075 939 157 589 1469 4000 4000 1206 494 4000 386 658 4000 4000 224 4000 1703 606 1193 4000 572 1857 1705 4000 1887 1177 754 1071 41 1070 634 674 9 348 820 1035 4000 1372 240 4000 20 4000 839 1569 1549 621 1725 4000 784 4000 4000 1357 330 134 1042 216 4000 1353 1288 910 1981 1479 1141 4000 1827 4000 1024 4000 4000 1264 4000 467 1447 978 35 4000 1599 4000 245 4000 4000 675 4000 1679 810 1896
4000 4000 805 296 145 785 1775 4000 774 1602 805 1355 1116 1695 4000 811 161 1623 4000 1754 617 4000 1070 420 884 860 1095 179 4000 1462 1632 4000 1140 437 1844 1286 1222 1619 129 1554 777 934 908 1893 185 1527 4000 346 1149 49 99 4000 993 726 1300 1877 1586 1953 4000 1682 4000 1245 1229 111 4000 4000 954 461 4000 4000 4000 4000 4000 922 473 1759 448 734 1662 1154 4000 4000 34 1333 43 4000 767 1186 1286 1938
4000 4000 1182 1210 4000 421 1840 879 882 4000 1519 4000 4000 1092 1375 4000 407 1381 1432 1626 534 4000 500 125 662 4000 4000 986 1286 4000 923 1268 4000 1662 477 4000 4000 316 920 4000 4000 438 974 185 1087 4000 883 4000 4000 1873 4000 1821 1644 1176 1947 1863 4000 963 848 119 1265 4000 1387 4000 4000 1864 1423 1072 1738 343 1594 4000 4000 567 4000 4000 916 1880 919 202 4000 1596 23 1396 4000 4000 4000 4000 489 1664
4000 1754 4000 667 4000 423 87 1673 4000 1382 15 1089 636 4000 4000 1633 4000 129 1513 255 4000 1264 4000 1912 216 4000 4000 1032 1340 1927 695 620 4000 1686 844 1930 109 489 1602 1162 1871 1174 4000 64 4000 1020 1697 863 4000 766 1118 1038 30 4000 4000 4000 4000 1945 4000 1158 1428 1087 1336 665 330 4000 4000 1997 4000 1754 1158 96 4000 965 160 4000 1985 1414 432 691 180 1108 1286 1768 1633 1792 1571 1451 1293 1964
166 721 607 1059 943 494 4000 1095 4000 578 406 1205 674 891 1727 4000 4000 1712 4000 892 4000 1542 2000 1245 1309 1190 593 4000 197 1444 4000 4000 1722 4000 4000 664 4000 1332 1760 4000 4000 4000 1869 140 613 1152 88 1073 863 4000 4000 379 992 1522 1624 1858 4000 1775 294 465 1218 4000 4000 939 373 1365 4000 546 253 919 1209 162 4000 4000 1860 811 4000 1948 1884 206 4000 1406 586 4000 484 209 1804 4000 1541 98
1217 4000 4000 1603 1697 1837 525 4000 4000 778 1333 1592 498 1975 225 357 4000 11 4000 226 4000 817 4000 361 763 4000 127 123 424 1669 1779 4000 4000 1686 801 1681 1079 883 94 1462 1218 4000 1053 4000 958 835 1631 1301 4000 4000 4000 4000 1867 715 540 186 4000 667 309 4000 4000 88 1566 1877 1331 1924 4000 409 806 4000 1871 1582 4000 480 854 1593 873 484 450 1277 1534 4000 1013 957 248 1110 1143 4000 1334 4000
4000 4000 1098 4000 1103 1986 49 4000 1952 4000 1424 1380 1551 4000 1860 4000 4000 289 889 1657 4000 1981 1190 135 494 1438 1245 1638 1630 579 647 4000 1363 1302 4000 465 4000 1479 4000 1238 1448 4000 617 999 1719 34 1404 483 323 1850 139 4000 1387 887 4000 1882 324 4000 1076 1512 520 4000 1258 4000 581 4000 1905 1425 165 142 662 1614 4000 837 4000 4000 428 4000 4000 308 979 1259 1312 366 145 451 4000 469 392 880
1538 4000 159 796 1909 4000 1926 1370 4000 1649 1512 383 819 872 777 4000 1951 1205 117 4000 1071 4000 328 4000 4000 473 4000 380 499 782 1260 37 1251 976 833 4000 1716 315 85 1437 1964 1597 4000 4000 25 4000 1327 1977 917 4000 1046 1988 97 1374 369 673 1404 317 1054 1460 4000 1871 1497 4000 404 4000 623 1677 202 4000 4000 1723 1420 4000 62 1446 645 1389 4000 1562 390 24 1106 487 955 1033 4000 4000 1350 1328
1818 4000 756 872 1913 1160 4000 93 836 517 359 1507 4000 1779 1998 1860 4000 200 805 202 4000 1195 1784 4000 1682 4000 4000 4000 1096 807 1727 4000 1255 39 4000 725 1199 1658 4000 35 175 734 4000 4000 69 4000 1389 4000 1297 193 610 615 1389 394 1040 1070 4000 497 1026 4000 4000 310 4000 116 349 4000 841 4000 813 1216 1141 545 1507 239 74 4000 4000 4000 4000 189 1657 594 362 4000 4000 1402 1672 4000 1457 255
1019 4000 122 832 433 471 1988 4000 1134 358 1604 1832 460 1110 71 535 686 521 1998 669 268 1211 820 630 4000 1365 1589 1042 599 602 1297 1618 920 4000 4000 910 1004 4000 1299 4000 1467 902 1970 4000 1570 4000 462 255 4000 459 481 387 1228 859 574 1040 223 1720 81 379 322 935 4000 1242 1911 4000 1709 915 1113 1007 610 580 4000 4000 507 1479 177 969 1291 1854 985 1329 1798 212 187 371 810 1969 1648 891
347 1970 4000 4000 768 1294 1463 4000 4000 133 4000 375 713 950 512 4000 428 689 4000 1276 99 1845 162 1897 4000 4000 1825 867 4000 4000 1315 4000 999 4000 1681 4000 1550 1144 4000 872 834 4000 1248 1547 1792 1760 1881 1778 5 1183 4000 1662 1027 772 1558 641 4000 939 4000 553 4000 4000 332 966 635 13 4000 1742 4000 90 614 1548 489 1862 4000 281 1178 4000 58 740 1271 668 4000 297 1441 1516 496 119 4000 4000
4000 4000 1498 562 4000 133 132 4000 4000 403 882 45 1951 4000 4000 158 1653 641 4000 1268 938 1517 4000 896 4000 4000 411 309 609 422 1428 839 844 925 958 4000 615 4000 580 47 1050 1462 92 4000 390 4000 272 42 4000 4000 867 693 34 360 1589 1405 1293 1558 1272 4000 4000 699 298 1938 4000 4000 1283 1797 1017 4000 1844 1624 882 1936 1738 1272 1049 4000 4000 804 4000 1739 4000 4000 1656 4000 1080 949 1757 4000
408 1294 4000 4000 1231 1789 4000 514 4000 1650 376 985 830 815 4000 4000 87 1527 4000 516 330 660 4000 1384 4000 1911 25 1415 416 1783 1324 381 633 1931 201 4000 4000 834 4000 4000 4000 4000 516 870 4000 4000 4000 770 77 4000 4000 4000 4000 1098 4000 564 4000 930 1536 981 269 859 4000 902 347 4000 323 4000 4000 700 4000 1551 568 1671 1978 4000 221 1414 21 298 4000 4000 4000 4000 405 4000 890 527 1655 4000
1065 4000 4000 1984 383 4000 660 706 1926 170 963 4000 1278 1532 4000 4000 783 4000 225 361 1943 765 1669 4000 4000 4000 4000 1538 157 4000 4000 4000 63 361 762 446 1107 1422 709 4000 1592 1673 1227 4000 4000 1092 4000 1544 1179 1906 4000 678 670 1131 4000 1318 761 925 855 476 4000 375 1255 4000 4000 17 689 1401 996 1399 1548 4000 628 331 1014 4000 4000 695 4000 159 157 393 837 385 1524 4000 1703 1843 4000 4000
4000 380 490 4000 4000 783 704 1313 183 4000 268 4000 1846 4000 1620 416 284 1043 668 4000 759 826 1166 4000 4000 247 4000 470 1647 1744 585 1522 4000 1075 208 747 1859 470 1617 4000 1728 1885 887 1130 780 506 1546 4000 1106 1772 1837 1422 597 560 574 1365 807 1002 1392 4000 4000 1978 4000 4000 4000 1740 731 467 1767 348 66 4000 4000 510 623 4000 4000 1727 4000 4000 1498 1028 4000 4000 1588 4000 573 1952 1790 4000
404 4000 1499 1493 4000 4000 1232 365 575 4000 4000 4000 49 502 708 230 629 4000 1514 263 4000 568 848 4000 219 1993 1961 349 1944 1308 4000 1905 1400 1370 1397 1034 1478 4000 1399 52 741 1669 4000 791 1728 4000 4000 357 4000 4000 4000 985 4000 582 4000 1993 574 790 341 4000 97 211 421 1498 4000 4000 88 4000 1560 1044 668 4000 712 33 649 4000 106 4000 1911 1018 875 1645 1561 648 226 833 640 800 1623 981
874 4000 4000 4000 4000 1888 4000 4000 4000 4000 4000 727 4000 1733 760 4000 1729 867 1077 1197 1885 4000 841 1002 156 625 1835 4000 982 1015 1334 1857 735 1640 265 4000 4000 492 1487 29 1836 507 756 1480 239 1517 1773 4000 1941 406 721 1825 4000 1563 827 4000 4000 218 423 726 4000 1314 582 1525 4000 405 148 4000 897 1192 66 732 1699 4000 1769 4000 1896 4000 1463 1836 4000 4000 4000 4000 1303 1602 602 1047 1377 582
1774 610 1896 1913 4000 405 317 283 442 4000 4000 4000 1503 731 4000 1271 4000 1898 368 130 1291 4000 4000 65 403 4000 4000 1005 221 600 1587 4000 4000 4000 1464 902 4000 1782 4000 1001 552 1774 1067 1613 61 1069 440 4000 523 809 4000 1371 237 4000 4000 4000 1463 216 1203 1684 817 790 1235 4000 1386 698 42 4000 36 4000 4000 146 115 4000 1759 176 1081 4000 463 1604 564 881 4000 802 726 1525 1000 4000 1742 4000
4000 115 549 220 1699 1936 476 1299 322 69 1640 4000 215 4000 4000 1974 4000 360 4000 1509 4000 4000 1947 53 652 4000 1578 1209 418 4000 969 4000 991 1518 1625 247 1010 100 1546 890 1728 4000 600 1943 497 4000 4000 1100 1798 1203 608 4000 1053 112 4000 4000 785 4000 28 760 1383 997 4000 374 4000 1347 621 1082 1004 1724 1972 731 465 129 674 519 4000 4000 1619 1364 907 4000 683 1517 1897 1612 336 238 118 4000
998 1059 1362 4000 990 4000 66 1168 73 4000 4000 1602 1802 1356 4000 4000 1876 1297 1737 1494 4000 4000 1278 4000 1717 4000 4000 1611 969 1746 1976 4000 361 894 4000 1351 1886 4000 518 4000 937 4000 4000 295 1879 848 327 1754 4000 1621 805 4000 1821 1640 4000 1095 1929 4000 705 4000 1750 680 1979 1668 4000 1780 1018 1459 4000 1093 974 4000 58 4000 436 1937 939 321 1248 640 1942 4000 4000 1763 806 4000 857 734 498 4000
1189 4000 4000 724 1472 1372 504 46 831 150 1139 4000 291 754 1896 728 4000 834 1049 4000 1032 990 662 4000 752 1025 1643 4000 1760 4000 727 505 1060 525 1229 89 4000 1733 4000 285 4000 832 4000 1732 4000 1100 16 4000 4000 622 4000 522 4000 4000 1228 1922 4000 428 645 1890 4000 1372 1952 743 4000 737 389 909 4000 4000 751 1468 914 1955 4000 56 611 773 1448 102 4000 333 181 564 1439 967 43 1569 1395 4000
